station,driver,rider1,rider2,rider3,VMT,save_d,save_r1,save_r2,save_r3,T_d,T_r1,T_r2,T_r3,cost_d,cost_r1,cost_r2,cost_r3,detour_d,detour_r1,detour_r2,detour_r3,size,type,num_riders
0,2,4645,0,0,26.6875,12.7334,12.7618,0.0,0.0,1677,1115.0,0.0,0.0,6.88,11.92,0.0,0.0,265,0.0,0.0,0.0,one,SR,1
0,4105,7937,0,0,28.1602,15.9754,11.1049,0.0,0.0,1723,956.0,0.0,0.0,8.37,10.8,0.0,0.0,49,0.0,0.0,0.0,one,SR,1
0,22,9071,0,0,22.8508,11.0822,10.7155,0.0,0.0,1229,918.0,0.0,0.0,3.43,10.53,0.0,0.0,187,0.0,0.0,0.0,one,SR,1
0,4125,3005,0,0,46.2866,24.3148,20.2156,0.0,0.0,2408,1865.0,0.0,0.0,9.48,17.56,0.0,0.0,81,0.0,0.0,0.0,one,SR,1
0,2081,6572,0,0,57.0874,25.4857,29.1203,0.0,0.0,4136,2790.0,0.0,0.0,21.1,24.81,0.0,0.0,748,0.0,0.0,0.0,one,SR,1
0,53,6292,0,0,31.4553,14.9087,15.1889,0.0,0.0,2372,1349.0,0.0,0.0,12.69,13.58,0.0,0.0,382,0.0,0.0,0.0,one,SR,1
0,4154,6235,0,0,70.0064,36.086,31.265,0.0,0.0,3968,3012.0,0.0,0.0,17.77,26.55,0.0,0.0,231,0.0,0.0,0.0,one,SR,1
0,72,48,0,0,30.0162,16.4713,12.378,0.0,0.0,2208,1079.0,0.0,0.0,12.68,11.67,0.0,0.0,172,0.0,0.0,0.0,one,SR,1
0,4169,5572,0,0,25.903,14.2252,10.6305,0.0,0.0,1345,910.0,0.0,0.0,4.7,10.47,0.0,0.0,43,0.0,0.0,0.0,one,SR,1
0,81,9783,0,0,32.9216,16.8765,14.7192,0.0,0.0,2429,1304.0,0.0,0.0,13.57,13.26,0.0,0.0,275,0.0,0.0,0.0,one,SR,1
0,4177,7419,0,0,27.2953,14.3608,11.8072,0.0,0.0,1335,1023.0,0.0,0.0,3.87,11.27,0.0,0.0,72,0.0,0.0,0.0,one,SR,1
0,4196,8710,0,0,38.5956,19.1356,17.8936,0.0,0.0,1927,1623.0,0.0,0.0,6.14,15.66,0.0,0.0,159,0.0,0.0,0.0,one,SR,1
0,4199,3626,0,0,22.5889,10.7207,10.8081,0.0,0.0,1217,928.0,0.0,0.0,3.24,10.6,0.0,0.0,207,0.0,0.0,0.0,one,SR,1
0,2163,6833,0,0,20.574,10.0233,9.5747,0.0,0.0,1295,809.0,0.0,0.0,4.81,9.76,0.0,0.0,221,0.0,0.0,0.0,one,SR,1
0,2165,729,0,0,26.9185,12.763,12.9498,0.0,0.0,1944,1134.0,0.0,0.0,9.56,12.06,0.0,0.0,329,0.0,0.0,0.0,one,SR,1
0,4215,8613,0,0,27.2947,13.548,12.567,0.0,0.0,1544,1097.0,0.0,0.0,5.6,11.8,0.0,0.0,186,0.0,0.0,0.0,one,SR,1
0,2188,7454,0,0,35.2031,16.5627,17.1351,0.0,0.0,1807,1545.0,0.0,0.0,5.43,15.05,0.0,0.0,240,0.0,0.0,0.0,one,SR,1
0,4243,3959,0,0,23.0881,12.0914,9.9925,0.0,0.0,1288,849.0,0.0,0.0,4.49,10.04,0.0,0.0,123,0.0,0.0,0.0,one,SR,1
0,2223,9995,0,0,23.8798,11.3396,11.4376,0.0,0.0,1452,988.0,0.0,0.0,5.32,11.03,0.0,0.0,246,0.0,0.0,0.0,one,SR,1
0,177,3016,0,0,36.1914,19.234,15.5736,0.0,0.0,2259,1386.0,0.0,0.0,11.26,13.84,0.0,0.0,140,0.0,0.0,0.0,one,SR,1
0,180,4721,0,0,24.6507,12.4808,11.0907,0.0,0.0,1214,955.0,0.0,0.0,3.03,10.79,0.0,0.0,122,0.0,0.0,0.0,one,SR,1
0,186,7620,0,0,31.5063,15.2296,14.9366,0.0,0.0,1717,1324.0,0.0,0.0,5.97,13.4,0.0,0.0,212,0.0,0.0,0.0,one,SR,1
0,2235,5165,0,0,24.2186,13.9049,9.3526,0.0,0.0,1323,788.0,0.0,0.0,5.24,9.61,0.0,0.0,14,0.0,0.0,0.0,one,SR,1
0,2241,3658,0,0,25.8592,14.0243,10.7769,0.0,0.0,1284,925.0,0.0,0.0,3.96,10.58,0.0,0.0,45,0.0,0.0,0.0,one,SR,1
0,2246,9214,0,0,27.5082,15.6232,10.8242,0.0,0.0,1647,929.0,0.0,0.0,7.75,10.61,0.0,0.0,42,0.0,0.0,0.0,one,SR,1
0,203,4837,0,0,19.6408,9.4492,9.2382,0.0,0.0,1284,777.0,0.0,0.0,4.9,9.53,0.0,0.0,238,0.0,0.0,0.0,one,SR,1
0,2263,9477,0,0,42.647,17.6685,22.9958,0.0,0.0,2959,2154.0,0.0,0.0,13.22,19.83,0.0,0.0,664,0.0,0.0,0.0,one,SR,1
0,2266,818,0,0,23.9505,13.3684,9.604,0.0,0.0,1263,812.0,0.0,0.0,4.46,9.78,0.0,0.0,37,0.0,0.0,0.0,one,SR,1
0,2290,4974,0,0,34.2847,15.5762,17.1986,0.0,0.0,2026,1551.0,0.0,0.0,7.68,15.1,0.0,0.0,343,0.0,0.0,0.0,one,SR,1
0,248,7551,0,0,27.3669,15.519,10.7892,0.0,0.0,1451,926.0,0.0,0.0,5.71,10.59,0.0,0.0,3,0.0,0.0,0.0,one,SR,1
0,251,846,0,0,22.4322,12.9345,8.5889,0.0,0.0,1353,714.0,0.0,0.0,6.03,9.09,0.0,0.0,47,0.0,0.0,0.0,one,SR,1
0,2306,4125,0,0,39.0017,21.0674,16.4824,0.0,0.0,2051,1477.0,0.0,0.0,8.47,14.52,0.0,0.0,29,0.0,0.0,0.0,one,SR,1
0,4362,67,0,0,37.7676,20.3475,16.0064,0.0,0.0,1887,1428.0,0.0,0.0,7.09,14.14,0.0,0.0,13,0.0,0.0,0.0,one,SR,1
0,267,368,0,0,38.6676,20.4247,16.7674,0.0,0.0,1776,1507.0,0.0,0.0,5.37,14.75,0.0,0.0,14,0.0,0.0,0.0,one,SR,1
0,272,8331,0,0,36.9352,18.0053,17.4027,0.0,0.0,1925,1573.0,0.0,0.0,6.47,15.27,0.0,0.0,200,0.0,0.0,0.0,one,SR,1
0,2329,7463,0,0,19.0869,9.4893,8.6825,0.0,0.0,1277,723.0,0.0,0.0,5.17,9.15,0.0,0.0,216,0.0,0.0,0.0,one,SR,1
0,306,9528,0,0,24.1979,13.8471,9.3876,0.0,0.0,1323,791.0,0.0,0.0,5.22,9.63,0.0,0.0,18,0.0,0.0,0.0,one,SR,1
0,336,807,0,0,33.7372,16.8001,15.5547,0.0,0.0,2293,1384.0,0.0,0.0,11.63,13.82,0.0,0.0,276,0.0,0.0,0.0,one,SR,1
0,2394,6815,0,0,31.1919,15.5148,14.3752,0.0,0.0,2773,1270.0,0.0,0.0,17.4,13.02,0.0,0.0,412,0.0,0.0,0.0,one,SR,1
0,347,3821,0,0,39.7606,18.5412,19.5205,0.0,0.0,2270,1792.0,0.0,0.0,8.54,16.99,0.0,0.0,330,0.0,0.0,0.0,one,SR,1
0,4451,6169,0,0,28.6126,15.0916,12.3563,0.0,0.0,1296,1076.0,0.0,0.0,3.13,11.65,0.0,0.0,42,0.0,0.0,0.0,one,SR,1
0,4458,7623,0,0,31.8982,18.4437,12.2939,0.0,0.0,1924,1070.0,0.0,0.0,9.76,11.6,0.0,0.0,1,0.0,0.0,0.0,one,SR,1
0,379,3463,0,0,29.623,15.508,12.912,0.0,0.0,1141,1130.0,0.0,0.0,1.15,12.03,0.0,0.0,4,0.0,0.0,0.0,one,SR,1
0,2442,6726,0,0,24.3716,12.5218,10.7911,0.0,0.0,1288,926.0,0.0,0.0,4.0,10.59,0.0,0.0,126,0.0,0.0,0.0,one,SR,1
0,2447,7474,0,0,27.585,14.6302,11.8261,0.0,0.0,2131,1025.0,0.0,0.0,12.22,11.29,0.0,0.0,234,0.0,0.0,0.0,one,SR,1
0,2482,6975,0,0,28.0803,14.2928,12.6058,0.0,0.0,1392,1100.0,0.0,0.0,3.98,11.82,0.0,0.0,114,0.0,0.0,0.0,one,SR,1
0,440,4865,0,0,26.4786,14.736,10.6909,0.0,0.0,1408,916.0,0.0,0.0,5.32,10.52,0.0,0.0,32,0.0,0.0,0.0,one,SR,1
0,2490,2357,0,0,34.4227,18.0499,15.0264,0.0,0.0,2127,1333.0,0.0,0.0,10.22,13.46,0.0,0.0,156,0.0,0.0,0.0,one,SR,1
0,2493,392,0,0,24.0556,12.3999,10.6097,0.0,0.0,1266,908.0,0.0,0.0,3.88,10.46,0.0,0.0,122,0.0,0.0,0.0,one,SR,1
0,2494,4879,0,0,28.0983,14.7809,12.1654,0.0,0.0,1058,1058.0,0.0,0.0,0.74,11.52,0.0,0.0,0,0.0,0.0,0.0,one,SR,1
0,2506,7456,0,0,25.2909,11.8901,12.2439,0.0,0.0,1835,1065.0,0.0,0.0,8.85,11.57,0.0,0.0,328,0.0,0.0,0.0,one,SR,1
0,464,56,0,0,28.5544,14.1099,13.2211,0.0,0.0,1371,1159.0,0.0,0.0,3.38,12.23,0.0,0.0,139,0.0,0.0,0.0,one,SR,1
0,2515,4384,0,0,28.8839,14.7058,12.9716,0.0,0.0,1655,1135.0,0.0,0.0,6.52,12.06,0.0,0.0,162,0.0,0.0,0.0,one,SR,1
0,2517,3554,0,0,28.502,13.1526,14.068,0.0,0.0,1523,1241.0,0.0,0.0,4.46,12.81,0.0,0.0,251,0.0,0.0,0.0,one,SR,1
0,2518,8997,0,0,31.37,17.1697,12.9924,0.0,0.0,1696,1137.0,0.0,0.0,6.94,12.08,0.0,0.0,41,0.0,0.0,0.0,one,SR,1
0,4569,9606,0,0,24.493,13.561,9.932,0.0,0.0,1210,843.0,0.0,0.0,3.7,10.0,0.0,0.0,26,0.0,0.0,0.0,one,SR,1
0,477,7358,0,0,24.788,14.2021,9.6078,0.0,0.0,1317,812.0,0.0,0.0,5.03,9.78,0.0,0.0,5,0.0,0.0,0.0,one,SR,1
0,2536,1635,0,0,41.5189,19.4032,20.3485,0.0,0.0,2510,1879.0,0.0,0.0,10.45,17.67,0.0,0.0,370,0.0,0.0,0.0,one,SR,1
0,4590,4269,0,0,26.8178,13.5115,12.155,0.0,0.0,1799,1057.0,0.0,0.0,8.53,11.51,0.0,0.0,231,0.0,0.0,0.0,one,SR,1
0,499,1041,0,0,25.7313,13.1115,11.5123,0.0,0.0,1887,995.0,0.0,0.0,9.85,11.07,0.0,0.0,251,0.0,0.0,0.0,one,SR,1
0,2550,2965,0,0,27.9574,15.83,11.051,0.0,0.0,1477,951.0,0.0,0.0,5.82,10.76,0.0,0.0,1,0.0,0.0,0.0,one,SR,1
0,515,3564,0,0,35.1649,15.6812,17.9149,0.0,0.0,2137,1626.0,0.0,0.0,8.32,15.69,0.0,0.0,390,0.0,0.0,0.0,one,SR,1
0,4612,8671,0,0,29.8485,16.4867,12.207,0.0,0.0,1899,1062.0,0.0,0.0,9.55,11.55,0.0,0.0,97,0.0,0.0,0.0,one,SR,1
0,4620,6384,0,0,29.727,14.6496,13.8137,0.0,0.0,1499,1216.0,0.0,0.0,4.37,12.64,0.0,0.0,158,0.0,0.0,0.0,one,SR,1
0,2583,1125,0,0,58.0548,29.4221,26.3748,0.0,0.0,2947,2505.0,0.0,0.0,10.62,22.58,0.0,0.0,169,0.0,0.0,0.0,one,SR,1
0,546,8251,0,0,20.6815,11.0876,8.6787,0.0,0.0,1333,723.0,0.0,0.0,5.76,9.15,0.0,0.0,144,0.0,0.0,0.0,one,SR,1
0,550,705,0,0,44.578,23.281,19.5918,0.0,0.0,2006,1800.0,0.0,0.0,5.72,17.05,0.0,0.0,23,0.0,0.0,0.0,one,SR,1
0,551,8604,0,0,22.0894,11.6238,9.4953,0.0,0.0,1135,801.0,0.0,0.0,3.18,9.7,0.0,0.0,98,0.0,0.0,0.0,one,SR,1
0,552,1542,0,0,23.4336,13.6732,8.8346,0.0,0.0,1624,738.0,0.0,0.0,8.72,9.26,0.0,0.0,76,0.0,0.0,0.0,one,SR,1
0,559,4030,0,0,24.2618,13.5481,9.7279,0.0,0.0,1202,823.0,0.0,0.0,3.75,9.86,0.0,0.0,18,0.0,0.0,0.0,one,SR,1
0,2617,5104,0,0,19.3973,9.661,8.8119,0.0,0.0,1315,736.0,0.0,0.0,5.49,9.24,0.0,0.0,220,0.0,0.0,0.0,one,SR,1
0,4668,7333,0,0,26.6881,12.2324,13.2315,0.0,0.0,1381,1160.0,0.0,0.0,3.48,12.24,0.0,0.0,241,0.0,0.0,0.0,one,SR,1
0,578,9263,0,0,35.5639,16.0907,17.9052,0.0,0.0,2052,1625.0,0.0,0.0,7.43,15.68,0.0,0.0,349,0.0,0.0,0.0,one,SR,1
0,4676,1283,0,0,24.6249,12.4252,11.1191,0.0,0.0,1416,957.0,0.0,0.0,5.14,10.81,0.0,0.0,170,0.0,0.0,0.0,one,SR,1
0,2637,8722,0,0,44.8301,23.4129,19.7034,0.0,0.0,2332,1811.0,0.0,0.0,9.06,17.14,0.0,0.0,92,0.0,0.0,0.0,one,SR,1
0,4692,1817,0,0,25.6721,12.2992,12.2174,0.0,0.0,1462,1063.0,0.0,0.0,4.95,11.56,0.0,0.0,223,0.0,0.0,0.0,one,SR,1
0,4720,5003,0,0,25.6799,12.5624,11.9782,0.0,0.0,1642,1040.0,0.0,0.0,6.99,11.39,0.0,0.0,241,0.0,0.0,0.0,one,SR,1
0,2694,1851,0,0,20.2793,10.1893,9.1437,0.0,0.0,1310,767.0,0.0,0.0,5.24,9.46,0.0,0.0,201,0.0,0.0,0.0,one,SR,1
0,4747,7451,0,0,25.4079,12.6698,11.6228,0.0,0.0,1346,1006.0,0.0,0.0,4.1,11.15,0.0,0.0,158,0.0,0.0,0.0,one,SR,1
0,657,2166,0,0,19.2471,9.2535,9.053,0.0,0.0,1518,759.0,0.0,0.0,7.47,9.41,0.0,0.0,294,0.0,0.0,0.0,one,SR,1
0,2711,1379,0,0,25.7697,12.4098,12.2051,0.0,0.0,1472,1062.0,0.0,0.0,5.06,11.55,0.0,0.0,219,0.0,0.0,0.0,one,SR,1
0,2713,694,0,0,31.2081,15.1815,14.7022,0.0,0.0,1858,1302.0,0.0,0.0,7.59,13.25,0.0,0.0,238,0.0,0.0,0.0,one,SR,1
0,4769,2243,0,0,29.4347,15.6583,12.5954,0.0,0.0,1763,1099.0,0.0,0.0,7.88,11.81,0.0,0.0,123,0.0,0.0,0.0,one,SR,1
0,2738,7434,0,0,29.1882,14.94,13.0368,0.0,0.0,1890,1142.0,0.0,0.0,8.94,12.11,0.0,0.0,204,0.0,0.0,0.0,one,SR,1
0,691,8253,0,0,33.6955,16.2993,15.9847,0.0,0.0,1743,1425.0,0.0,0.0,5.6,14.11,0.0,0.0,195,0.0,0.0,0.0,one,SR,1
0,2740,241,0,0,25.6665,13.3634,11.2155,0.0,0.0,1525,967.0,0.0,0.0,6.22,10.88,0.0,0.0,148,0.0,0.0,0.0,one,SR,1
0,2755,6315,0,0,39.2269,19.1611,18.4538,0.0,0.0,1983,1681.0,0.0,0.0,6.31,16.12,0.0,0.0,192,0.0,0.0,0.0,one,SR,1
0,4804,7202,0,0,31.0942,14.17,15.5424,0.0,0.0,2156,1383.0,0.0,0.0,10.2,13.82,0.0,0.0,385,0.0,0.0,0.0,one,SR,1
0,4844,7494,0,0,38.2924,18.6441,18.067,0.0,0.0,2128,1642.0,0.0,0.0,8.11,15.81,0.0,0.0,237,0.0,0.0,0.0,one,SR,1
0,4850,5723,0,0,23.7208,12.9128,9.8157,0.0,0.0,1290,832.0,0.0,0.0,4.61,9.92,0.0,0.0,74,0.0,0.0,0.0,one,SR,1
0,759,7751,0,0,20.1923,9.9989,9.2401,0.0,0.0,1240,777.0,0.0,0.0,4.44,9.53,0.0,0.0,199,0.0,0.0,0.0,one,SR,1
0,4871,9810,0,0,25.6865,14.2919,10.3648,0.0,0.0,1725,885.0,0.0,0.0,8.85,10.3,0.0,0.0,115,0.0,0.0,0.0,one,SR,1
0,777,8025,0,0,19.8737,10.1927,8.761,0.0,0.0,1521,730.0,0.0,0.0,7.69,9.2,0.0,0.0,235,0.0,0.0,0.0,one,SR,1
0,784,2361,0,0,25.7626,14.007,10.7032,0.0,0.0,1468,917.0,0.0,0.0,5.94,10.52,0.0,0.0,84,0.0,0.0,0.0,one,SR,1
0,2843,7629,0,0,34.8625,16.1502,17.2024,0.0,0.0,1815,1551.0,0.0,0.0,5.47,15.1,0.0,0.0,266,0.0,0.0,0.0,one,SR,1
0,813,2534,0,0,30.9597,16.6023,13.1389,0.0,0.0,1619,1152.0,0.0,0.0,6.03,12.18,0.0,0.0,59,0.0,0.0,0.0,one,SR,1
0,826,518,0,0,47.5045,26.2113,19.588,0.0,0.0,2872,1800.0,0.0,0.0,14.81,17.05,0.0,0.0,59,0.0,0.0,0.0,one,SR,1
0,827,9625,0,0,40.6232,22.9491,16.2417,0.0,0.0,2829,1452.0,0.0,0.0,16.81,14.32,0.0,0.0,92,0.0,0.0,0.0,one,SR,1
0,2888,1212,0,0,35.0547,18.5303,15.1681,0.0,0.0,1576,1347.0,0.0,0.0,4.34,13.56,0.0,0.0,13,0.0,0.0,0.0,one,SR,1
0,4947,9073,0,0,25.0146,12.0674,11.8185,0.0,0.0,1502,1025.0,0.0,0.0,5.61,11.29,0.0,0.0,231,0.0,0.0,0.0,one,SR,1
0,4950,3593,0,0,26.432,13.6752,11.6408,0.0,0.0,1269,1007.0,0.0,0.0,3.28,11.16,0.0,0.0,88,0.0,0.0,0.0,one,SR,1
0,2904,6172,0,0,22.0365,11.4303,9.6267,0.0,0.0,1147,814.0,0.0,0.0,3.23,9.79,0.0,0.0,115,0.0,0.0,0.0,one,SR,1
0,4955,6376,0,0,44.1167,23.8428,18.6464,0.0,0.0,2409,1701.0,0.0,0.0,10.65,16.28,0.0,0.0,45,0.0,0.0,0.0,one,SR,1
0,4959,7660,0,0,47.9252,25.7452,20.4082,0.0,0.0,2490,1885.0,0.0,0.0,10.2,17.72,0.0,0.0,31,0.0,0.0,0.0,one,SR,1
0,866,8307,0,0,24.8376,12.3955,11.3459,0.0,0.0,1329,979.0,0.0,0.0,4.09,10.96,0.0,0.0,160,0.0,0.0,0.0,one,SR,1
0,4960,4677,0,0,22.2247,11.8479,9.4122,0.0,0.0,1201,793.0,0.0,0.0,3.93,9.65,0.0,0.0,98,0.0,0.0,0.0,one,SR,1
0,4984,5739,0,0,56.8623,27.4488,27.0968,0.0,0.0,2998,2580.0,0.0,0.0,10.63,23.17,0.0,0.0,313,0.0,0.0,0.0,one,SR,1
0,4988,6553,0,0,75.856,34.2402,38.381,0.0,0.0,4488,3751.0,0.0,0.0,18.01,32.35,0.0,0.0,721,0.0,0.0,0.0,one,SR,1
0,903,409,0,0,21.5093,10.0704,10.4064,0.0,0.0,1464,889.0,0.0,0.0,6.08,10.33,0.0,0.0,283,0.0,0.0,0.0,one,SR,1
0,4999,2204,0,0,22.4346,10.7329,10.6522,0.0,0.0,1279,913.0,0.0,0.0,3.98,10.49,0.0,0.0,215,0.0,0.0,0.0,one,SR,1
0,907,7461,0,0,27.3059,12.3785,13.6729,0.0,0.0,2019,1203.0,0.0,0.0,9.91,12.55,0.0,0.0,389,0.0,0.0,0.0,one,SR,1
0,918,6271,0,0,22.7464,12.8325,8.9783,0.0,0.0,1226,752.0,0.0,0.0,4.45,9.36,0.0,0.0,37,0.0,0.0,0.0,one,SR,1
0,921,2504,0,0,26.1563,12.5207,12.4631,0.0,0.0,1538,1087.0,0.0,0.0,5.6,11.73,0.0,0.0,236,0.0,0.0,0.0,one,SR,1
0,931,3603,0,0,35.6469,17.7523,16.4458,0.0,0.0,1550,1473.0,0.0,0.0,3.24,14.49,0.0,0.0,93,0.0,0.0,0.0,one,SR,1
0,2989,1860,0,0,29.9792,14.7799,13.9271,0.0,0.0,1762,1228.0,0.0,0.0,7.05,12.72,0.0,0.0,213,0.0,0.0,0.0,one,SR,1
0,995,1099,0,0,19.8632,10.1805,8.7619,0.0,0.0,1277,731.0,0.0,0.0,5.12,9.21,0.0,0.0,182,0.0,0.0,0.0,one,SR,1
0,998,5741,0,0,47.9552,24.1616,21.9003,0.0,0.0,2910,2040.0,0.0,0.0,13.51,18.93,0.0,0.0,266,0.0,0.0,0.0,one,SR,1
0,1021,2340,0,0,48.2549,23.9246,22.397,0.0,0.0,3435,2091.0,0.0,0.0,18.67,19.33,0.0,0.0,414,0.0,0.0,0.0,one,SR,1
0,1023,7994,0,0,34.1212,18.9552,13.8959,0.0,0.0,2027,1225.0,0.0,0.0,9.85,12.7,0.0,0.0,49,0.0,0.0,0.0,one,SR,1
0,1037,6549,0,0,31.0071,14.6324,15.0283,0.0,0.0,1836,1333.0,0.0,0.0,7.16,13.46,0.0,0.0,273,0.0,0.0,0.0,one,SR,1
0,3088,2817,0,0,34.3625,16.4944,16.4208,0.0,0.0,1740,1471.0,0.0,0.0,5.24,14.47,0.0,0.0,201,0.0,0.0,0.0,one,SR,1
0,3116,8299,0,0,25.3797,11.7013,12.5038,0.0,0.0,1826,1090.0,0.0,0.0,8.6,11.75,0.0,0.0,344,0.0,0.0,0.0,one,SR,1
0,1095,8857,0,0,30.6243,13.5148,15.7163,0.0,0.0,2273,1399.0,0.0,0.0,11.33,13.93,0.0,0.0,451,0.0,0.0,0.0,one,SR,1
0,1145,5753,0,0,23.7228,11.8101,10.8497,0.0,0.0,1293,932.0,0.0,0.0,4.01,10.63,0.0,0.0,167,0.0,0.0,0.0,one,SR,1
0,3221,7748,0,0,34.3904,15.8967,17.0002,0.0,0.0,1981,1530.0,0.0,0.0,7.36,14.94,0.0,0.0,308,0.0,0.0,0.0,one,SR,1
0,3232,2702,0,0,21.5017,10.3071,10.1777,0.0,0.0,1302,867.0,0.0,0.0,4.52,10.17,0.0,0.0,227,0.0,0.0,0.0,one,SR,1
0,1226,6582,0,0,36.7855,19.604,15.7834,0.0,0.0,2303,1406.0,0.0,0.0,11.6,13.98,0.0,0.0,137,0.0,0.0,0.0,one,SR,1
0,1231,8387,0,0,30.3867,14.8819,14.2135,0.0,0.0,1514,1255.0,0.0,0.0,4.28,12.91,0.0,0.0,162,0.0,0.0,0.0,one,SR,1
0,3279,4101,0,0,22.3367,10.287,10.9783,0.0,0.0,1447,944.0,0.0,0.0,5.55,10.71,0.0,0.0,286,0.0,0.0,0.0,one,SR,1
0,3287,9297,0,0,24.7541,14.6847,9.1238,0.0,0.0,1500,766.0,0.0,0.0,7.24,9.46,0.0,0.0,4,0.0,0.0,0.0,one,SR,1
0,3292,8891,0,0,22.1384,11.2914,9.8526,0.0,0.0,1334,835.0,0.0,0.0,5.06,9.94,0.0,0.0,171,0.0,0.0,0.0,one,SR,1
0,3294,9481,0,0,26.9018,12.9978,12.7145,0.0,0.0,1620,1111.0,0.0,0.0,6.3,11.89,0.0,0.0,237,0.0,0.0,0.0,one,SR,1
0,3320,9703,0,0,24.8876,13.5504,10.311,0.0,0.0,1175,880.0,0.0,0.0,3.1,10.26,0.0,0.0,31,0.0,0.0,0.0,one,SR,1
0,1284,6152,0,0,21.7154,12.0159,8.778,0.0,0.0,1160,732.0,0.0,0.0,3.89,9.22,0.0,0.0,59,0.0,0.0,0.0,one,SR,1
0,3354,5186,0,0,46.17,25.4731,19.0373,0.0,0.0,3494,1742.0,0.0,0.0,21.75,16.6,0.0,0.0,214,0.0,0.0,0.0,one,SR,1
0,1311,2969,0,0,25.2269,11.0936,12.929,0.0,0.0,1424,1132.0,0.0,0.0,4.11,12.04,0.0,0.0,302,0.0,0.0,0.0,one,SR,1
0,3364,9906,0,0,20.067,10.3193,8.8233,0.0,0.0,1296,736.0,0.0,0.0,5.29,9.24,0.0,0.0,181,0.0,0.0,0.0,one,SR,1
0,1342,9489,0,0,24.0501,13.107,9.9424,0.0,0.0,1353,844.0,0.0,0.0,5.2,10.01,0.0,0.0,82,0.0,0.0,0.0,one,SR,1
0,1345,7241,0,0,26.1096,11.8871,13.0132,0.0,0.0,1673,1139.0,0.0,0.0,6.68,12.09,0.0,0.0,317,0.0,0.0,0.0,one,SR,1
0,1346,4434,0,0,52.7233,23.2246,27.1757,0.0,0.0,2956,2588.0,0.0,0.0,10.13,23.23,0.0,0.0,531,0.0,0.0,0.0,one,SR,1
0,3393,71,0,0,39.8067,19.813,18.3866,0.0,0.0,2095,1675.0,0.0,0.0,7.53,16.07,0.0,0.0,180,0.0,0.0,0.0,one,SR,1
0,1354,8823,0,0,24.172,13.0106,10.1465,0.0,0.0,1227,864.0,0.0,0.0,3.75,10.15,0.0,0.0,66,0.0,0.0,0.0,one,SR,1
0,1390,533,0,0,25.3525,12.2905,11.9262,0.0,0.0,1236,1035.0,0.0,0.0,2.76,11.36,0.0,0.0,164,0.0,0.0,0.0,one,SR,1
0,3465,1301,0,0,27.5716,13.8269,12.5651,0.0,0.0,1194,1097.0,0.0,0.0,1.92,11.8,0.0,0.0,94,0.0,0.0,0.0,one,SR,1
0,1426,4923,0,0,37.7006,17.4968,18.581,0.0,0.0,2016,1695.0,0.0,0.0,6.56,16.23,0.0,0.0,293,0.0,0.0,0.0,one,SR,1
0,1435,4102,0,0,32.7638,15.7546,15.6218,0.0,0.0,1570,1391.0,0.0,0.0,4.0,13.87,0.0,0.0,174,0.0,0.0,0.0,one,SR,1
0,3532,7218,0,0,26.2966,13.9157,11.2883,0.0,0.0,1431,974.0,0.0,0.0,5.19,10.93,0.0,0.0,100,0.0,0.0,0.0,one,SR,1
0,1507,4411,0,0,23.971,13.7164,9.2978,0.0,0.0,1241,782.0,0.0,0.0,4.42,9.57,0.0,0.0,4,0.0,0.0,0.0,one,SR,1
0,3583,3545,0,0,38.123,15.9742,20.3793,0.0,0.0,2352,1882.0,0.0,0.0,8.77,17.69,0.0,0.0,518,0.0,0.0,0.0,one,SR,1
0,3585,7337,0,0,23.1303,13.2605,8.9377,0.0,0.0,1272,747.0,0.0,0.0,4.97,9.32,0.0,0.0,23,0.0,0.0,0.0,one,SR,1
0,1546,9474,0,0,49.8284,27.7193,20.3427,0.0,0.0,3234,1878.0,0.0,0.0,18.06,17.66,0.0,0.0,88,0.0,0.0,0.0,one,SR,1
0,3622,8225,0,0,30.1123,13.993,14.7891,0.0,0.0,1886,1310.0,0.0,0.0,7.83,13.3,0.0,0.0,310,0.0,0.0,0.0,one,SR,1
0,3660,4221,0,0,47.8289,23.828,22.0927,0.0,0.0,2803,2059.0,0.0,0.0,12.26,19.08,0.0,0.0,267,0.0,0.0,0.0,one,SR,1
0,1633,3069,0,0,28.866,15.4357,12.2712,0.0,0.0,1583,1068.0,0.0,0.0,6.19,11.59,0.0,0.0,85,0.0,0.0,0.0,one,SR,1
0,3683,8734,0,0,26.3973,14.5345,10.8034,0.0,0.0,1443,927.0,0.0,0.0,5.62,10.59,0.0,0.0,54,0.0,0.0,0.0,one,SR,1
0,1651,7877,0,0,35.3363,17.6271,16.2744,0.0,0.0,2097,1455.0,0.0,0.0,9.11,14.35,0.0,0.0,214,0.0,0.0,0.0,one,SR,1
0,1653,3451,0,0,23.0937,12.2486,9.8507,0.0,0.0,1595,835.0,0.0,0.0,7.8,9.94,0.0,0.0,178,0.0,0.0,0.0,one,SR,1
0,1656,9352,0,0,30.667,16.4077,13.0472,0.0,0.0,1368,1143.0,0.0,0.0,3.46,12.12,0.0,0.0,11,0.0,0.0,0.0,one,SR,1
0,1666,9018,0,0,21.1436,9.8804,10.242,0.0,0.0,1720,873.0,0.0,0.0,8.87,10.21,0.0,0.0,344,0.0,0.0,0.0,one,SR,1
0,1671,1203,0,0,21.5663,10.442,10.1115,0.0,0.0,1426,861.0,0.0,0.0,5.86,10.13,0.0,0.0,245,0.0,0.0,0.0,one,SR,1
0,1672,2812,0,0,53.7978,27.002,24.6766,0.0,0.0,3119,2328.0,0.0,0.0,13.68,21.19,0.0,0.0,269,0.0,0.0,0.0,one,SR,1
0,3742,497,0,0,33.4324,15.1469,16.8077,0.0,0.0,2096,1510.0,0.0,0.0,8.71,14.78,0.0,0.0,366,0.0,0.0,0.0,one,SR,1
0,1697,2255,0,0,23.6532,13.3783,9.3167,0.0,0.0,1234,784.0,0.0,0.0,4.33,9.58,0.0,0.0,21,0.0,0.0,0.0,one,SR,1
0,1702,9120,0,0,26.5164,12.779,12.5585,0.0,0.0,1338,1096.0,0.0,0.0,3.44,11.79,0.0,0.0,181,0.0,0.0,0.0,one,SR,1
0,1703,7616,0,0,23.0096,10.7341,11.19,0.0,0.0,1610,964.0,0.0,0.0,7.14,10.86,0.0,0.0,305,0.0,0.0,0.0,one,SR,1
0,3768,3635,0,0,34.455,17.5159,15.5566,0.0,0.0,2043,1384.0,0.0,0.0,9.01,13.82,0.0,0.0,183,0.0,0.0,0.0,one,SR,1
0,3788,7861,0,0,22.7327,12.3873,9.3829,0.0,0.0,1341,790.0,0.0,0.0,5.42,9.63,0.0,0.0,99,0.0,0.0,0.0,one,SR,1
0,3799,2367,0,0,32.9105,13.9691,17.4141,0.0,0.0,2046,1573.0,0.0,0.0,7.74,15.27,0.0,0.0,441,0.0,0.0,0.0,one,SR,1
0,3804,8371,0,0,46.8404,26.1406,19.0393,0.0,0.0,2695,1743.0,0.0,0.0,13.35,16.61,0.0,0.0,2,0.0,0.0,0.0,one,SR,1
0,3847,882,0,0,32.0236,13.6898,16.852,0.0,0.0,1710,1515.0,0.0,0.0,4.62,14.82,0.0,0.0,360,0.0,0.0,0.0,one,SR,1
0,1806,242,0,0,27.2356,13.5648,12.4962,0.0,0.0,1654,1090.0,0.0,0.0,6.8,11.75,0.0,0.0,207,0.0,0.0,0.0,one,SR,1
0,1822,3287,0,0,23.866,11.5035,11.2713,0.0,0.0,1280,972.0,0.0,0.0,3.62,10.91,0.0,0.0,194,0.0,0.0,0.0,one,SR,1
0,1838,3734,0,0,32.8934,15.3366,16.1338,0.0,0.0,2161,1440.0,0.0,0.0,9.88,14.23,0.0,0.0,344,0.0,0.0,0.0,one,SR,1
0,3890,1016,0,0,29.4894,15.1486,13.1238,0.0,0.0,1593,1150.0,0.0,0.0,5.77,12.17,0.0,0.0,130,0.0,0.0,0.0,one,SR,1
0,1844,5534,0,0,59.6612,26.4525,30.6066,0.0,0.0,4198,2944.0,0.0,0.0,20.66,26.02,0.0,0.0,768,0.0,0.0,0.0,one,SR,1
0,1871,8481,0,0,29.0782,14.0619,13.7561,0.0,0.0,1923,1211.0,0.0,0.0,8.85,12.6,0.0,0.0,281,0.0,0.0,0.0,one,SR,1
0,1886,4003,0,0,33.6678,16.1773,16.0722,0.0,0.0,2148,1434.0,0.0,0.0,9.79,14.18,0.0,0.0,294,0.0,0.0,0.0,one,SR,1
0,3948,4421,0,0,38.5048,20.5497,16.5016,0.0,0.0,1810,1479.0,0.0,0.0,5.92,14.54,0.0,0.0,4,0.0,0.0,0.0,one,SR,1
0,3968,1173,0,0,44.394,23.4557,19.2606,0.0,0.0,2627,1765.0,0.0,0.0,12.48,16.78,0.0,0.0,138,0.0,0.0,0.0,one,SR,1
0,3999,6948,0,0,39.0833,21.2512,16.388,0.0,0.0,2088,1467.0,0.0,0.0,8.93,14.44,0.0,0.0,24,0.0,0.0,0.0,one,SR,1
0,2005,1256,0,0,36.2426,15.7055,18.8891,0.0,0.0,2147,1727.0,0.0,0.0,7.71,16.48,0.0,0.0,429,0.0,0.0,0.0,one,SR,1
0,2019,3798,0,0,43.2452,23.3262,18.3173,0.0,0.0,2553,1668.0,0.0,0.0,12.39,16.02,0.0,0.0,92,0.0,0.0,0.0,one,SR,1
0,2032,9017,0,0,21.884,12.3456,8.6267,0.0,0.0,1111,718.0,0.0,0.0,3.46,9.12,0.0,0.0,26,0.0,0.0,0.0,one,SR,1
0,11,6739,2288,0,49.1543,19.5333,13.9614,13.8628,0.0,1461,1016.0,1009.0,0.0,-0.83,9.01,8.96,0.0,145,-1.0,0.0,0.0,many,SR,2
0,2080,2528,423,0,40.7696,16.4048,11.3442,11.4625,0.0,2135,806.0,813.0,0.0,8.4,7.76,7.82,0.0,346,8.0,6.0,0.0,many,SR,2
0,4181,9384,8514,0,58.0917,20.0937,18.9046,16.8413,0.0,2068,1546.0,1636.0,0.0,1.44,11.58,10.95,0.0,467,80.0,277.0,0.0,many,SR,2
0,4183,4403,3140,0,76.02,31.0763,20.2003,22.1957,0.0,2406,1563.0,1787.0,0.0,2.33,12.14,13.34,0.0,100,8.0,41.0,0.0,many,SR,2
0,4207,9418,6468,0,47.0038,20.9819,12.2915,12.0839,0.0,1894,978.0,864.0,0.0,5.07,8.35,8.11,0.0,92,76.0,5.0,0.0,many,SR,2
0,4208,7305,4355,0,57.6791,22.6078,15.8322,17.1537,0.0,2128,1450.0,1289.0,0.0,3.58,10.31,10.54,0.0,267,203.0,1.0,0.0,many,SR,2
0,113,5577,2002,1746,87.336,33.2187,11.8551,15.7554,23.2801,2516,838.0,1422.0,1932.0,-2.62,7.99,10.24,14.03,335,0.0,187.0,76.0,many,SR,3
0,2173,5037,4274,3246,73.8105,25.9887,15.3976,14.0044,15.5069,1482,1381.0,1021.0,1348.0,-10.65,10.06,9.03,10.04,340,179.0,0.0,148.0,many,SR,3
0,2191,2464,2463,0,60.1152,21.2808,18.3079,18.3079,0.0,2860,1385.0,1385.0,0.0,10.06,11.09,11.09,0.0,563,0.0,0.0,0.0,many,SR,2
0,4286,8543,6436,0,46.6754,19.9367,13.0481,11.9773,0.0,2403,1285.0,849.0,0.0,9.81,9.08,8.05,0.0,292,255.0,0.0,0.0,many,SR,2
0,2240,5676,5297,0,56.5145,21.5204,16.4029,16.5393,0.0,1343,1224.0,1299.0,0.0,-4.37,10.18,10.34,0.0,135,0.0,47.0,0.0,many,SR,2
0,2245,7831,5148,0,41.7861,17.7995,11.2242,11.2242,0.0,1780,785.0,785.0,0.0,4.85,7.69,7.69,0.0,184,0.0,0.0,0.0,many,SR,2
0,2339,9873,1369,0,40.6392,16.9315,11.3954,10.7797,0.0,1133,853.0,747.0,0.0,-1.9,7.85,7.48,0.0,84,40.0,0.0,0.0,many,SR,2
0,2365,3292,2432,0,62.764,21.7002,18.3564,20.3659,0.0,2237,1427.0,1584.0,0.0,2.41,11.17,12.24,0.0,462,28.0,12.0,0.0,many,SR,2
0,327,5198,2350,0,86.9194,34.5623,23.3622,26.0523,0.0,2137,1835.0,2137.0,0.0,-4.05,13.9,15.53,0.0,44,0.0,44.0,0.0,many,SR,2
0,2385,8435,4029,0,62.1545,22.11,18.902,18.787,0.0,2062,1439.0,1916.0,0.0,0.45,11.39,12.16,0.0,408,2.0,357.0,0.0,many,SR,2
0,2387,6958,1942,0,86.5644,29.7905,23.31,30.2649,0.0,2861,1831.0,2638.0,0.0,1.25,13.88,18.12,0.0,580,0.0,134.0,0.0,many,SR,2
0,2395,4625,1926,1501,67.7463,27.5471,12.5683,12.5671,12.5626,1272,901.0,899.0,901.0,-9.15,8.34,8.34,8.34,14,2.0,0.0,2.0,many,SR,3
0,2409,4424,2573,1735,62.3953,23.5003,12.0946,12.1988,12.1418,1727,895.0,927.0,901.0,-4.0,8.16,8.25,8.19,310,27.0,44.0,28.0,many,SR,3
0,371,9294,6351,0,59.4099,21.7093,13.1688,22.3292,0.0,1969,1005.0,1743.0,0.0,0.85,8.71,13.32,0.0,336,41.0,0.0,0.0,many,SR,2
0,4472,9879,5963,4272,59.591,22.1802,12.5392,11.2398,11.2379,1918,1047.0,786.0,786.0,-1.41,8.55,7.7,7.7,391,111.0,0.0,0.0,many,SR,3
0,383,5646,2316,0,48.0325,19.1487,13.5289,13.5911,0.0,1648,990.0,985.0,0.0,1.43,8.81,8.82,0.0,191,7.0,0.0,0.0,many,SR,2
0,2444,3500,1505,0,47.8019,17.7973,11.0552,17.1209,0.0,1531,771.0,1385.0,0.0,-0.38,7.61,10.67,0.0,268,0.0,74.0,0.0,many,SR,2
0,2451,6977,6976,0,45.503,20.0956,11.9023,11.9023,0.0,1704,842.0,842.0,0.0,3.47,8.01,8.01,0.0,76,0.0,0.0,0.0,many,SR,2
0,4520,2096,256,0,61.3781,25.782,18.647,14.8751,0.0,1987,1442.0,1094.0,0.0,2.2,11.3,9.44,0.0,62,21.0,0.0,0.0,many,SR,2
0,4523,9152,6296,3914,94.6314,36.3718,26.258,14.9707,13.5755,2457,2457.0,1163.0,984.0,-5.3,16.16,9.58,8.82,264,264.0,45.0,0.0,many,SR,3
0,429,7816,3615,0,41.7435,15.4713,13.8826,10.7363,0.0,1822,1087.0,743.0,0.0,4.25,9.08,7.45,0.0,372,57.0,0.0,0.0,many,SR,2
0,4585,4368,2555,0,60.2718,22.5725,18.6196,16.8828,0.0,1674,1602.0,1265.0,0.0,-2.2,11.56,10.41,0.0,222,139.0,0.0,0.0,many,SR,2
0,4589,9385,9247,0,49.1411,18.7553,13.8039,14.7133,0.0,1344,1004.0,1344.0,0.0,-2.71,8.93,9.75,0.0,195,0.0,195.0,0.0,many,SR,2
0,508,9287,315,0,88.0087,36.3427,22.7797,25.9903,0.0,2616,1783.0,2070.0,0.0,1.4,13.57,15.39,0.0,33,0.0,-1.0,0.0,many,SR,2
0,2558,7975,4989,0,53.8556,21.3556,14.5113,16.0446,0.0,1308,1063.0,1308.0,0.0,-3.76,9.27,10.17,0.0,85,0.0,85.0,0.0,many,SR,2
0,513,2003,1269,0,37.2423,14.5606,10.3676,10.8014,0.0,1257,957.0,749.0,0.0,-0.42,7.64,7.49,0.0,228,181.0,0.0,0.0,many,SR,2
0,2571,5881,2209,0,74.7715,25.8153,23.2784,22.8291,0.0,2473,1828.0,2388.0,0.0,0.33,13.86,14.63,0.0,538,0.0,437.0,0.0,many,SR,2
0,534,8662,4051,0,47.0072,17.1197,14.3154,13.7278,0.0,1589,1293.0,1004.0,0.0,0.09,9.54,8.9,0.0,324,182.0,5.0,0.0,many,SR,2
0,557,9843,3814,0,41.822,18.1826,11.0529,11.0647,0.0,1550,770.0,771.0,0.0,2.58,7.61,7.61,0.0,105,0.0,0.0,0.0,many,SR,2
0,567,8142,6234,4432,72.0394,26.0781,14.3997,14.364,14.4039,1439,1156.0,1051.0,1155.0,-10.03,9.37,9.2,9.37,269,75.0,0.0,74.0,many,SR,3
0,574,7899,4506,0,72.4927,27.7134,23.0926,19.1516,0.0,1953,1839.0,1472.0,0.0,-2.31,13.8,11.55,0.0,172,20.0,10.0,0.0,many,SR,2
0,2631,6476,1202,0,95.6575,37.0679,29.4927,25.8166,0.0,2583,2396.0,2131.0,0.0,-2.4,17.38,15.42,0.0,171,8.0,55.0,0.0,many,SR,2
0,4684,8749,4344,0,74.1991,31.3655,14.6806,25.6961,0.0,2898,1078.0,2044.0,0.0,8.32,9.35,15.22,0.0,150,0.0,0.0,0.0,many,SR,2
0,2643,7327,7111,0,51.2393,20.984,15.414,13.0105,0.0,1678,1172.0,942.0,0.0,1.14,9.75,8.56,0.0,132,24.0,4.0,0.0,many,SR,2
0,2670,5326,4291,0,56.2897,21.5036,16.7075,16.033,0.0,1592,1340.0,1192.0,0.0,-1.69,10.46,10.0,0.0,188,67.0,0.0,0.0,many,SR,2
0,4744,4818,1561,0,50.991,23.777,13.867,11.6524,0.0,2394,1031.0,858.0,0.0,9.88,9.0,7.95,0.0,77,16.0,27.0,0.0,many,SR,2
0,2718,6746,6093,0,68.3317,28.2498,15.1563,22.613,0.0,1965,1118.0,1806.0,0.0,-0.18,9.58,13.55,0.0,40,0.0,27.0,0.0,many,SR,2
0,4847,4541,4326,0,53.4041,23.5039,12.2208,15.8702,0.0,2242,869.0,1179.0,0.0,7.26,8.17,9.92,0.0,113,0.0,0.0,0.0,many,SR,2
0,2815,9541,5971,0,46.4517,19.1082,13.047,12.5888,0.0,1772,1050.0,901.0,0.0,3.24,8.73,8.35,0.0,194,82.0,0.0,0.0,many,SR,2
0,809,6346,1062,0,39.787,16.8181,10.7386,10.7386,0.0,2028,744.0,744.0,0.0,7.87,7.46,7.46,0.0,269,0.0,0.0,0.0,many,SR,2
0,816,9951,109,0,69.3875,27.5171,19.7377,19.7571,0.0,3297,1525.0,1513.0,0.0,13.24,11.88,11.87,0.0,404,10.0,0.0,0.0,many,SR,2
0,4918,5787,4208,0,56.8476,21.3628,16.7096,16.7096,0.0,1500,1250.0,1250.0,0.0,-2.84,10.33,10.33,0.0,185,0.0,0.0,0.0,many,SR,2
0,2892,7665,4345,191,157.6832,62.1689,22.2702,45.67,22.2567,3936,1736.0,3906.0,1736.0,-6.53,13.28,26.61,13.28,111,-1.0,53.0,0.0,many,SR,3
0,2910,5751,5505,0,64.8607,26.7128,19.8995,16.0273,0.0,2199,1678.0,1192.0,0.0,3.1,12.21,10.0,0.0,130,111.0,0.0,0.0,many,SR,2
0,873,9792,8205,1668,130.0163,47.5567,24.6873,26.5147,26.5147,2532,1954.0,2532.0,2532.0,-16.1,14.65,16.39,16.39,302,0.0,302.0,302.0,many,SR,3
0,2945,8113,7671,0,49.9969,20.2126,11.1907,16.7692,0.0,1402,782.0,1400.0,0.0,-1.7,7.67,10.57,0.0,109,0.0,107.0,0.0,many,SR,2
0,2958,5925,3076,150,72.0009,26.1476,12.8939,17.7233,12.4628,1650,947.0,1409.0,890.0,-7.64,8.52,10.92,8.29,302,15.0,54.0,0.0,many,SR,3
0,2988,5953,3490,0,100.2265,38.2874,29.2468,29.2468,0.0,3323,2363.0,2363.0,0.0,3.88,17.23,17.23,0.0,349,0.0,0.0,0.0,many,SR,2
0,3043,6038,3918,0,40.9048,15.7305,12.5119,11.0306,0.0,1403,894.0,1046.0,0.0,0.05,8.31,8.01,0.0,255,0.0,205.0,0.0,many,SR,2
0,1032,1431,1045,0,53.04,24.6408,12.2289,14.3838,0.0,3359,1197.0,1053.0,0.0,19.19,8.65,9.21,0.0,289,242.0,0.0,0.0,many,SR,2
0,1043,7311,4646,0,56.0385,24.0347,14.7689,15.3287,0.0,2282,1085.0,1137.0,0.0,6.81,9.39,9.67,0.0,140,0.0,3.0,0.0,many,SR,2
0,1048,6689,2271,0,55.4042,25.4077,17.7222,10.4587,0.0,2746,1336.0,733.0,0.0,12.49,10.82,7.34,0.0,126,0.0,10.0,0.0,many,SR,2
0,1050,9450,7238,0,53.0386,21.1562,16.0836,13.8921,0.0,1510,1245.0,1011.0,0.0,-1.31,10.1,8.97,0.0,122,36.0,0.0,0.0,many,SR,2
0,3122,4836,2890,0,69.4936,29.2032,24.8809,13.0717,0.0,2088,1971.0,969.0,0.0,0.88,14.76,8.62,0.0,29,0.0,20.0,0.0,many,SR,2
0,3140,6527,6454,0,50.8454,18.4502,11.4327,19.0369,0.0,2816,803.0,1448.0,0.0,12.24,7.79,11.46,0.0,564,0.0,0.0,0.0,many,SR,2
0,1093,8994,5275,0,43.8568,17.0531,11.997,13.1336,0.0,1518,872.0,967.0,0.0,0.88,8.09,8.64,0.0,230,16.0,15.0,0.0,many,SR,2
0,1109,7269,7268,0,82.3697,31.5203,23.9987,23.9987,0.0,3551,1892.0,1892.0,0.0,11.62,14.26,14.26,0.0,475,0.0,0.0,0.0,many,SR,2
0,1122,6581,239,0,58.645,26.7201,15.052,14.9713,0.0,2566,1109.0,1102.0,0.0,9.83,9.53,9.49,0.0,58,0.0,0.0,0.0,many,SR,2
0,3170,7262,3898,0,60.0566,25.0183,14.8997,18.0879,0.0,1808,1114.0,1390.0,0.0,0.53,9.48,11.02,0.0,52,13.0,17.0,0.0,many,SR,2
0,3183,6259,3964,0,45.0772,20.9259,11.3966,11.2034,0.0,2547,802.0,822.0,0.0,12.78,7.78,7.74,0.0,194,2.0,29.0,0.0,many,SR,2
0,1139,8652,5940,0,81.0579,29.8344,24.1567,24.194,0.0,3349,1907.0,1910.0,0.0,9.31,14.35,14.37,0.0,530,0.0,0.0,0.0,many,SR,2
0,3194,7811,7124,5000,84.7371,32.6524,19.998,12.8224,16.1893,1681,1641.0,920.0,1225.0,-10.02,12.19,8.46,10.11,108,78.0,0.0,14.0,many,SR,3
0,3227,5183,4420,0,56.0843,21.9675,17.1003,15.0071,0.0,1459,1330.0,1106.0,0.0,-2.76,10.58,9.51,0.0,117,35.0,0.0,0.0,many,SR,2
0,3240,3725,3178,0,43.0542,19.4138,11.6234,10.4947,0.0,2088,819.0,723.0,0.0,8.22,7.88,7.34,0.0,159,0.0,0.0,0.0,many,SR,2
0,1241,9834,4917,0,44.3451,16.8207,13.1527,12.6379,0.0,2158,1186.0,905.0,0.0,7.05,8.97,8.37,0.0,413,176.0,0.0,0.0,many,SR,2
0,1280,6583,2037,0,43.0096,17.9065,11.7569,11.7569,0.0,1289,830.0,830.0,0.0,-0.77,7.95,7.95,0.0,94,0.0,0.0,0.0,many,SR,2
0,1313,6626,5993,0,79.3481,33.0458,26.6415,16.9654,0.0,3785,2566.0,1272.0,0.0,15.48,16.5,10.45,0.0,371,318.0,0.0,0.0,many,SR,2
0,3374,4399,4398,0,50.3836,18.5718,14.9576,14.9576,0.0,2281,1101.0,1101.0,0.0,6.88,9.48,9.48,0.0,425,0.0,0.0,0.0,many,SR,2
0,3449,9182,7976,0,43.3827,20.2876,10.435,11.1577,0.0,1922,722.0,812.0,0.0,6.66,7.32,7.71,0.0,66,3.0,24.0,0.0,many,SR,2
0,1446,5507,2862,2027,78.3034,30.3401,12.8521,19.3954,12.8207,1678,923.0,1678.0,931.0,-8.44,8.47,12.0,8.47,144,0.0,144.0,8.0,many,SR,3
0,3545,3624,3623,0,63.2044,24.2921,18.3452,18.3452,0.0,1767,1388.0,1388.0,0.0,-1.44,11.11,11.11,0.0,163,0.0,0.0,0.0,many,SR,2
0,3552,4920,4919,0,94.4313,39.1464,26.0981,26.0981,0.0,2943,2080.0,2080.0,0.0,3.1,15.44,15.44,0.0,49,0.0,0.0,0.0,many,SR,2
0,3638,6762,5059,0,43.7002,17.0441,12.6185,12.3457,0.0,1474,1117.0,887.0,0.0,0.25,8.68,8.24,0.0,230,158.0,5.0,0.0,many,SR,2
0,1605,5229,1409,0,40.736,15.4689,11.7394,11.8915,0.0,1289,827.0,1122.0,0.0,-1.19,7.93,8.43,0.0,246,-1.0,207.0,0.0,many,SR,2
0,1606,2438,1352,0,38.0806,14.9272,10.8269,10.8269,0.0,1934,751.0,751.0,0.0,6.81,7.5,7.5,0.0,352,0.0,0.0,0.0,many,SR,2
0,1609,9788,4960,3160,66.4068,25.8149,11.03,10.7934,16.2027,1444,867.0,748.0,1444.0,-7.93,7.74,7.48,10.44,175,73.0,0.0,175.0,many,SR,3
0,1612,8687,6545,0,65.6595,24.1165,18.0073,21.1733,0.0,2687,1360.0,1640.0,0.0,6.95,10.95,12.67,0.0,443,0.0,0.0,0.0,many,SR,2
0,1628,8246,4392,0,52.4666,19.2017,10.4366,20.844,0.0,3391,725.0,1633.0,0.0,17.75,7.32,12.52,0.0,679,5.0,17.0,0.0,many,SR,2
0,1678,8988,4120,0,42.433,16.6412,11.9113,12.2442,0.0,1585,859.0,965.0,0.0,1.92,8.04,8.32,0.0,249,12.0,69.0,0.0,many,SR,2
0,1694,6849,6848,0,45.4045,17.804,12.9484,12.9484,0.0,2147,931.0,931.0,0.0,7.21,8.52,8.52,0.0,344,0.0,0.0,0.0,many,SR,2
0,3751,7643,4480,0,44.3981,17.1007,14.6731,10.9137,0.0,1249,1110.0,871.0,0.0,-2.28,9.4,7.71,0.0,186,24.0,83.0,0.0,many,SR,2
0,1730,9562,778,0,66.1031,25.8767,11.9754,25.8773,0.0,2339,849.0,2271.0,0.0,3.2,8.05,15.68,0.0,278,0.0,153.0,0.0,many,SR,2
0,3782,4942,3099,0,49.1134,21.0582,15.4225,10.9057,0.0,1422,1158.0,758.0,0.0,-0.61,9.73,7.54,0.0,22,13.0,0.0,0.0,many,SR,2
0,3808,1321,1320,0,111.9665,40.7987,33.6149,33.6149,0.0,3784,2754.0,2754.0,0.0,4.29,19.69,19.69,0.0,553,0.0,0.0,0.0,many,SR,2
0,3862,7786,4278,2674,59.1298,22.6304,10.8734,12.4194,10.8715,1182,759.0,909.0,759.0,-8.6,7.53,8.3,7.53,176,3.0,17.0,3.0,many,SR,3
0,3863,8940,6265,5924,59.641,24.7654,10.648,11.2764,10.6857,1706,736.0,852.0,738.0,-2.47,7.41,7.81,7.43,145,0.0,46.0,-1.0,many,SR,3
0,1850,5070,3659,0,59.0669,23.3283,11.4974,22.0823,0.0,2064,808.0,2064.0,0.0,2.24,7.82,13.77,0.0,250,0.0,250.0,0.0,many,SR,2
0,1892,7186,3520,0,38.5797,15.4568,11.0628,10.5389,0.0,1421,771.0,890.0,0.0,1.23,7.61,7.6,0.0,221,0.0,121.0,0.0,many,SR,2
0,1895,8010,2575,0,61.4578,21.1642,19.6617,18.2489,0.0,2123,2058.0,1380.0,0.0,0.84,12.77,11.06,0.0,485,403.0,0.0,0.0,many,SR,2
0,1927,4127,3805,0,93.4151,36.2263,28.2756,25.643,0.0,3337,2275.0,2531.0,0.0,5.61,16.67,16.03,0.0,378,0.0,358.0,0.0,many,SR,2
0,3979,5524,3523,0,60.3786,22.4325,21.0928,14.6047,0.0,2054,1870.0,1167.0,0.0,1.33,13.03,9.45,0.0,338,173.0,71.0,0.0,many,SR,2
0,1953,9007,567,0,61.504,22.2793,18.9851,17.9875,0.0,1905,1529.0,1358.0,0.0,-0.27,11.58,10.94,0.0,315,62.0,0.0,0.0,many,SR,2
0,4029,4156,4155,0,84.3346,29.1677,26.0422,26.0422,0.0,3192,2075.0,2075.0,0.0,5.77,15.41,15.41,0.0,631,0.0,0.0,0.0,many,SR,2
0,4039,6607,4666,4414,92.544,32.4319,21.3802,21.3802,13.7996,2067,1945.0,1945.0,1028.0,-10.26,13.28,13.28,8.97,433,209.0,209.0,18.0,many,SR,3
0,1996,6898,4672,0,132.7894,52.7888,37.6499,37.8955,0.0,4228,3115.0,3419.0,0.0,4.3,21.96,22.59,0.0,262,0.0,205.0,0.0,many,SR,2
0,4045,5203,485,0,57.1903,19.5962,16.8512,18.5691,0.0,1671,1262.0,1489.0,0.0,-2.02,10.4,11.34,0.0,368,0.0,60.0,0.0,many,SR,2
0,4072,5663,5662,0,50.4665,19.2444,14.6764,14.6764,0.0,2537,1077.0,1077.0,0.0,9.81,9.35,9.35,0.0,433,0.0,0.0,0.0,many,SR,2
0,4093,9659,4579,0,42.7985,18.9422,10.817,11.5073,0.0,2261,750.0,809.0,0.0,9.95,7.49,7.83,0.0,227,0.0,0.0,0.0,many,SR,2
1,2836,7065,0,0,38.2507,13.6983,23.3381,0.0,0.0,2001,3234.0,0.0,0.0,10.08,15.14,0.0,0.0,296,1073.0,0.0,0.0,one,TR,1
1,1594,6641,6599,3776,99.1289,23.1178,24.631,25.6577,23.318,1458,2359.0,3165.0,2319.0,-6.33,11.09,13.03,10.93,244,494.0,1008.0,530.0,many,RT,3
1,62,5724,1880,0,64.5526,13.1002,23.0598,27.1231,0.0,1627,2621.0,1788.0,0.0,5.66,10.62,9.07,0.0,271,800.0,11.0,0.0,many,RT,2
1,2757,7771,2992,0,72.6441,15.9854,26.6076,28.4358,0.0,1412,2500.0,2854.0,0.0,0.29,11.08,12.08,0.0,236,517.0,672.0,0.0,many,RT,2
1,222,6213,2913,0,67.4528,11.1749,23.4532,31.9544,0.0,1582,2587.0,3322.0,0.0,8.78,8.29,9.41,0.0,173,862.0,1011.0,0.0,many,TR,2
3,240,9748,0,0,21.979,10.0821,11.1571,0.0,0.0,1137,1374.0,0.0,0.0,5.28,9.4,0.0,0.0,70,400.0,0.0,0.0,one,TR,1
7,1265,8344,0,0,35.0975,8.7674,25.6278,0.0,0.0,1394,2168.0,0.0,0.0,8.32,10.02,0.0,0.0,179,343.0,0.0,0.0,one,TR,1
7,1719,7650,6880,1170,89.3024,16.4253,12.2503,47.8861,11.1733,1504,1055.0,3061.0,1165.0,1.69,7.99,11.77,7.91,210,157.0,-46.0,299.0,many,RT,3
9,2913,1983,0,0,18.6687,7.5579,10.4459,0.0,0.0,1223,1436.0,0.0,0.0,6.86,9.65,0.0,0.0,187,471.0,0.0,0.0,one,TR,1
9,2404,7250,2745,0,36.2042,10.9826,11.6778,12.4338,0.0,1675,1356.0,1322.0,0.0,7.6,7.48,8.62,0.0,318,450.0,335.0,0.0,many,RT,2
10,2705,6731,0,0,31.2422,8.0509,22.465,0.0,0.0,1320,1703.0,0.0,0.0,7.32,10.26,0.0,0.0,212,103.0,0.0,0.0,one,RT,1
10,3894,9398,3529,0,70.5962,19.8444,25.8212,23.2914,0.0,1606,2140.0,2808.0,0.0,2.11,11.24,11.15,0.0,85,255.0,916.0,0.0,many,RT,2
10,4992,8057,7315,0,38.7826,11.493,11.6617,14.4215,0.0,1317,1433.0,1324.0,0.0,2.97,9.04,8.03,0.0,258,441.0,272.0,0.0,many,TR,2
11,1626,9636,3461,0,36.7026,7.5025,13.1812,15.1707,0.0,1432,1465.0,1335.0,0.0,7.4,7.16,7.32,0.0,324,483.0,279.0,0.0,many,TR,2
11,4763,3056,816,0,63.6376,14.995,24.4301,22.6738,0.0,2212,2074.0,2354.0,0.0,9.38,11.53,10.86,0.0,429,253.0,591.0,0.0,many,RT,2
11,3273,8091,3869,0,116.2968,31.3977,49.0056,33.1682,0.0,2840,4992.0,3050.0,0.0,5.29,21.48,14.78,0.0,264,1013.0,487.0,0.0,many,RT,2
14,4334,3655,0,0,35.4253,5.9574,28.8864,0.0,0.0,1679,2309.0,0.0,0.0,12.4,10.81,0.0,0.0,333,270.0,0.0,0.0,one,RT,1
14,13,4549,3779,1500,125.8131,14.4414,65.312,18.3678,26.1331,1928,4196.0,1893.0,2004.0,6.21,11.46,8.13,9.0,405,80.0,544.0,235.0,many,RT,3
14,807,7424,4449,0,52.5141,10.311,23.4359,17.8374,0.0,2228,2472.0,2061.0,0.0,15.03,8.66,8.64,0.0,390,753.0,681.0,0.0,many,RT,2
14,4279,3840,2803,0,58.8964,9.2335,28.6892,19.9559,0.0,3171,2057.0,2348.0,0.0,24.14,9.09,9.09,0.0,698,155.0,794.0,0.0,many,RT,2
14,2889,8936,6124,1467,92.4309,13.5928,32.6525,22.416,22.416,1498,2514.0,2338.0,2338.0,3.55,9.65,8.44,8.44,257,315.0,702.0,702.0,many,RT,3
14,3801,8366,6775,3606,108.4034,12.8945,37.3865,37.4062,19.4521,1960,3416.0,3416.0,1424.0,9.2,9.27,9.27,7.1,353,842.0,841.0,163.0,many,RT,3
14,3318,7446,2874,0,48.6783,9.4114,20.643,17.7377,0.0,1468,2402.0,1769.0,0.0,7.44,9.7,7.16,0.0,249,777.0,518.0,0.0,many,RT,2
15,1028,9803,274,0,79.4137,10.6597,27.8602,39.9623,0.0,1873,2411.0,3183.0,0.0,11.28,9.7,9.62,0.0,294,451.0,519.0,0.0,many,TR,2
15,402,9404,1104,0,79.2646,15.1206,27.3116,35.7337,0.0,2687,2429.0,2672.0,0.0,18.32,9.46,9.53,0.0,317,502.0,306.0,0.0,many,TR,2
18,902,8846,8845,4330,130.4952,21.1245,41.1142,41.1142,25.4536,4322,2086.0,2086.0,3086.0,30.18,10.02,10.02,8.84,642,-439.0,-439.0,1147.0,many,RT,3
19,2295,4227,1010,0,95.3079,24.8253,30.8597,38.3614,0.0,3857,3220.0,2099.0,0.0,29.15,11.21,10.41,0.0,138,896.0,-319.0,0.0,many,RT,2
22,4127,1543,0,0,37.819,11.4941,25.3694,0.0,0.0,1209,2960.0,0.0,0.0,4.1,13.55,0.0,0.0,114,831.0,0.0,0.0,one,RT,1
25,4101,7954,0,0,19.9881,6.7846,12.5238,0.0,0.0,1240,1629.0,0.0,0.0,6.9,9.8,0.0,0.0,239,524.0,0.0,0.0,one,TR,1
25,2620,4117,0,0,44.0034,15.429,27.3524,0.0,0.0,2821,3402.0,0.0,0.0,18.62,16.22,0.0,0.0,389,973.0,0.0,0.0,one,RT,1
25,3653,7187,0,0,47.8015,15.889,30.8679,0.0,0.0,2022,2986.0,0.0,0.0,11.83,14.45,0.0,0.0,103,557.0,0.0,0.0,one,TR,1
25,2157,9461,0,0,43.2743,13.6695,28.6126,0.0,0.0,1449,3086.0,0.0,0.0,6.28,13.92,0.0,0.0,69,766.0,0.0,0.0,one,RT,1
25,1389,2706,0,0,39.724,11.4987,27.4007,0.0,0.0,1276,2716.0,0.0,0.0,5.98,12.25,0.0,0.0,66,601.0,0.0,0.0,one,TR,1
26,540,3586,3492,1222,121.029,16.787,33.6878,48.3456,20.5301,1712,2909.0,4138.0,2564.0,2.87,9.52,13.07,11.2,290,592.0,743.0,844.0,many,TR,3
26,1969,5679,4959,0,137.0249,28.7309,44.1791,62.3828,0.0,3782,3625.0,4091.0,0.0,24.12,13.56,14.76,0.0,139,498.0,-22.0,0.0,many,RT,2
26,761,9074,4065,2487,145.4412,26.9263,35.5136,60.1613,20.6994,2615,3501.0,4126.0,1952.0,8.19,12.21,13.09,10.1,172,861.0,186.0,393.0,many,RT,3
27,2249,7309,0,0,43.8492,12.1186,31.0544,0.0,0.0,2153,3220.0,0.0,0.0,16.52,11.76,0.0,0.0,156,861.0,0.0,0.0,one,RT,1
31,1218,3743,0,0,23.6579,10.1062,12.9476,0.0,0.0,1419,1238.0,0.0,0.0,9.46,8.04,0.0,0.0,66,270.0,0.0,0.0,one,TR,1
32,2760,7695,1068,0,61.7885,18.9653,25.0755,16.3126,0.0,2016,1975.0,1811.0,0.0,8.25,11.17,10.18,0.0,125,160.0,478.0,0.0,many,RT,2
35,2367,1048,0,0,31.4944,11.8354,18.9242,0.0,0.0,1669,2127.0,0.0,0.0,10.91,10.35,0.0,0.0,92,605.0,0.0,0.0,one,TR,1
36,1776,8499,0,0,35.9789,12.9328,22.2341,0.0,0.0,1801,2112.0,0.0,0.0,11.6,11.12,0.0,0.0,100,404.0,0.0,0.0,one,RT,1
38,4434,9624,0,0,43.0487,17.2004,24.7981,0.0,0.0,1998,2261.0,0.0,0.0,11.53,13.5,0.0,0.0,31,296.0,0.0,0.0,one,RT,1
38,3097,4000,3940,0,88.2086,24.3706,33.6666,28.1512,0.0,1597,2729.0,3272.0,0.0,-1.41,13.77,15.43,0.0,25,251.0,868.0,0.0,many,TR,2
38,3154,9743,6302,1636,99.1106,23.5272,28.0768,25.1207,20.3542,2083,2246.0,2627.0,1715.0,3.59,11.13,11.13,7.06,183,242.0,686.0,358.0,many,TR,3
38,3759,3870,1728,0,56.4079,10.5664,31.2948,13.5682,0.0,1564,2109.0,943.0,0.0,7.61,9.98,6.81,0.0,253,36.0,60.0,0.0,many,TR,2
38,3533,3829,2663,2133,111.4039,29.3445,27.2231,22.6448,29.738,1978,2619.0,1783.0,2352.0,-1.31,11.18,11.18,11.18,52,580.0,117.0,248.0,many,TR,3
38,991,9025,5310,0,50.0416,10.2656,15.619,23.2766,0.0,1145,1442.0,2606.0,0.0,4.1,7.39,8.41,0.0,129,341.0,880.0,0.0,many,TR,2
38,4065,7283,4604,1071,106.7792,26.9356,25.826,26.1138,25.4501,2090,2664.0,2864.0,2270.0,-0.14,11.18,11.18,11.18,205,681.0,829.0,380.0,many,TR,3
38,1519,7207,6832,0,47.2258,9.7745,11.5311,25.0884,0.0,1363,1191.0,2590.0,0.0,6.83,7.18,8.14,0.0,180,337.0,796.0,0.0,many,RT,2
39,2657,4768,0,0,32.4861,12.2039,19.3763,0.0,0.0,1255,2137.0,0.0,0.0,5.02,12.06,0.0,0.0,63,513.0,0.0,0.0,one,RT,1
39,386,6906,0,0,45.5089,12.3239,31.9163,0.0,0.0,2105,3292.0,0.0,0.0,10.68,16.69,0.0,0.0,418,652.0,0.0,0.0,one,TR,1
39,3485,7731,0,0,22.6847,10.3532,11.6454,0.0,0.0,1114,1546.0,0.0,0.0,5.52,9.86,0.0,0.0,25,495.0,0.0,0.0,one,RT,1
39,2065,2144,189,0,38.976,12.1728,13.1904,12.6574,0.0,1472,1506.0,1285.0,0.0,6.86,7.48,7.08,0.0,136,501.0,366.0,0.0,many,TR,2
42,1688,2819,0,0,39.5398,13.6638,24.8844,0.0,0.0,1349,2324.0,0.0,0.0,5.24,12.92,0.0,0.0,47,370.0,0.0,0.0,one,TR,1
42,4878,8890,0,0,55.0324,12.8868,41.2487,0.0,0.0,1508,2998.0,0.0,0.0,7.76,13.97,0.0,0.0,78,109.0,0.0,0.0,one,TR,1
42,845,5495,0,0,26.2864,8.4069,17.3701,0.0,0.0,1408,1701.0,0.0,0.0,10.2,9.09,0.0,0.0,109,391.0,0.0,0.0,one,TR,1
42,4003,1487,0,0,44.7269,15.4433,28.3514,0.0,0.0,1887,2650.0,0.0,0.0,11.42,13.32,0.0,0.0,43,454.0,0.0,0.0,one,TR,1
42,4736,9989,4698,0,58.0264,13.5956,18.278,24.9627,0.0,1384,2166.0,2547.0,0.0,3.82,9.92,9.98,0.0,153,686.0,682.0,0.0,many,TR,2
42,3871,5451,2590,69,106.5342,24.4879,30.6991,25.5246,23.4393,1338,2958.0,2520.0,1642.0,-7.4,12.48,11.6,10.75,135,633.0,559.0,-14.0,many,RT,3
42,1433,7969,1793,0,66.7826,19.849,23.7162,21.5839,0.0,1781,2818.0,2631.0,0.0,4.0,12.13,12.2,0.0,121,859.0,803.0,0.0,many,RT,2
42,3540,8711,7803,0,58.8113,10.5782,33.1051,14.2203,0.0,1205,3779.0,1283.0,0.0,4.48,10.58,7.49,0.0,139,1272.0,273.0,0.0,many,TR,2
43,344,7282,0,0,30.2197,8.1137,21.5535,0.0,0.0,1087,2419.0,0.0,0.0,6.44,10.52,0.0,0.0,74,711.0,0.0,0.0,one,TR,1
48,3833,2033,1415,0,44.6763,12.1889,13.7516,17.8763,0.0,1139,1109.0,1376.0,0.0,4.22,7.29,7.3,0.0,16,163.0,188.0,0.0,many,TR,2
48,2500,8486,5874,0,44.5698,12.158,18.7697,12.761,0.0,1140,1599.0,1298.0,0.0,4.04,7.33,7.48,0.0,28,325.0,353.0,0.0,many,RT,2
49,2952,5673,0,0,26.2151,11.4578,13.8923,0.0,0.0,1224,1875.0,0.0,0.0,5.07,11.65,0.0,0.0,76,574.0,0.0,0.0,one,RT,1
49,2259,9162,5908,492,123.0669,14.5533,17.769,42.8735,46.5799,1097,1558.0,2181.0,2417.0,-0.1,7.25,9.34,9.32,87,342.0,-412.0,-392.0,many,RT,3
50,2793,5910,0,0,24.5928,8.8279,15.0343,0.0,0.0,1312,2026.0,0.0,0.0,7.2,11.31,0.0,0.0,171,659.0,0.0,0.0,one,RT,1
50,509,7996,4536,3193,108.8622,31.5938,18.7542,26.6819,29.309,2177,2096.0,2956.0,2856.0,0.15,9.32,13.45,13.45,10,635.0,772.0,570.0,many,TR,3
50,6,9736,6028,364,88.2152,15.9119,21.585,33.0981,16.1413,2060,2331.0,3028.0,1156.0,8.32,8.77,10.3,7.72,318,720.0,679.0,71.0,many,RT,3
50,1066,7843,1990,105,81.679,13.6023,40.3774,11.1763,15.1899,1269,3366.0,876.0,1282.0,1.33,10.39,6.56,7.39,196,612.0,128.0,232.0,many,TR,3
50,631,8731,914,0,46.372,14.0046,20.2117,10.9895,0.0,1253,2317.0,1144.0,0.0,2.66,8.8,7.86,0.0,91,770.0,293.0,0.0,many,RT,2
50,210,9410,5390,2837,79.6149,16.6823,18.8796,21.3735,21.3735,1244,1886.0,1667.0,1667.0,1.31,8.25,8.4,8.4,14,509.0,210.0,210.0,many,RT,3
50,4835,5369,2847,0,57.4435,9.6941,21.9775,24.9469,0.0,1204,2193.0,2105.0,0.0,5.22,8.14,8.11,0.0,146,619.0,412.0,0.0,many,RT,2
51,3104,6629,0,0,46.8207,12.5028,33.2161,0.0,0.0,2694,3313.0,0.0,0.0,18.37,15.02,0.0,0.0,459,686.0,0.0,0.0,one,RT,1
52,4123,1531,0,0,32.0013,8.0845,23.3417,0.0,0.0,1439,2227.0,0.0,0.0,9.93,9.75,0.0,0.0,164,509.0,0.0,0.0,one,TR,1
53,1986,6603,0,0,36.0552,10.9807,24.5305,0.0,0.0,2123,2119.0,0.0,0.0,17.4,10.44,0.0,0.0,147,335.0,0.0,0.0,one,RT,1
54,3920,5686,0,0,69.697,17.2626,51.8742,0.0,0.0,3623,3049.0,0.0,0.0,33.0,11.6,0.0,0.0,153,-232.0,0.0,0.0,one,TR,1
64,4269,4333,0,0,47.9786,6.6587,40.7794,0.0,0.0,1221,2387.0,0.0,0.0,7.96,10.4,0.0,0.0,175,-198.0,0.0,0.0,one,RT,1
68,9,1128,0,0,39.6662,7.1962,31.7592,0.0,0.0,1556,2507.0,0.0,0.0,9.94,12.11,0.0,0.0,302,237.0,0.0,0.0,one,TR,1
68,1874,465,0,0,68.397,25.7259,41.2809,0.0,0.0,3215,3478.0,0.0,0.0,21.25,17.9,0.0,0.0,10,313.0,0.0,0.0,one,RT,1
68,3247,8697,4012,0,104.296,29.4974,36.814,35.9928,0.0,2897,3859.0,2288.0,0.0,12.49,13.99,12.92,0.0,27,1008.0,-173.0,0.0,many,TR,2
69,1386,9486,0,0,25.8238,12.8682,11.9944,0.0,0.0,1400,1869.0,0.0,0.0,6.05,12.61,0.0,0.0,86,612.0,0.0,0.0,one,TR,1
69,2278,8004,7872,0,40.2814,10.6766,14.8431,13.9028,0.0,1085,1386.0,1490.0,0.0,3.66,7.19,7.4,0.0,84,341.0,459.0,0.0,many,RT,2
69,2541,5744,4532,1359,87.8516,16.6063,25.6361,26.8736,17.1472,1475,1452.0,2019.0,2146.0,1.19,8.31,8.24,10.34,204,-156.0,248.0,703.0,many,TR,3
72,3908,3146,0,0,32.6119,11.9695,19.6912,0.0,0.0,1585,2556.0,0.0,0.0,8.08,12.51,0.0,0.0,170,816.0,0.0,0.0,one,TR,1
72,1059,9239,2088,0,49.904,11.9195,19.4889,17.4763,0.0,1431,2064.0,1476.0,0.0,5.85,8.05,8.14,0.0,171,634.0,248.0,0.0,many,RT,2
72,3870,5281,5224,0,89.8788,13.9525,19.0924,55.7839,0.0,1689,2047.0,2623.0,0.0,8.28,8.21,11.29,0.0,135,631.0,-742.0,0.0,many,RT,2
72,824,5654,246,0,48.4637,12.0601,14.1378,21.2702,0.0,1827,1503.0,2436.0,0.0,10.22,7.31,9.65,0.0,240,463.0,778.0,0.0,many,TR,2
72,2885,7853,1684,0,53.7496,16.8146,13.6875,21.8823,0.0,1768,1131.0,2715.0,0.0,6.28,7.68,10.97,0.0,151,166.0,914.0,0.0,many,RT,2
72,3989,9493,7755,3588,88.8781,20.9121,16.6608,18.0989,31.4111,1511,1722.0,2261.0,3404.0,-0.29,8.61,10.66,10.68,82,463.0,737.0,1043.0,many,RT,3
78,3816,17,0,0,25.468,6.0429,18.8578,0.0,0.0,1335,1308.0,0.0,0.0,8.91,8.67,0.0,0.0,246,24.0,0.0,0.0,one,RT,1
78,2656,4381,623,0,67.0953,17.8187,31.9441,16.0199,0.0,2086,2490.0,1921.0,0.0,10.09,10.56,9.56,0.0,143,286.0,609.0,0.0,many,RT,2
78,2903,7508,4288,0,63.4867,14.986,14.5082,32.7151,0.0,1432,1819.0,2223.0,0.0,3.54,9.39,10.39,0.0,132,605.0,43.0,0.0,many,TR,2
78,2918,9967,5823,0,63.8385,15.4564,27.9594,19.1385,0.0,1146,2447.0,2002.0,0.0,0.48,10.56,9.28,0.0,47,436.0,543.0,0.0,many,RT,2
79,3598,8953,4793,0,59.796,11.4806,17.9902,29.4022,0.0,1320,2000.0,2793.0,0.0,5.55,8.02,8.21,0.0,124,653.0,757.0,0.0,many,RT,2
85,2799,6129,1207,0,63.6197,10.7467,15.753,36.0326,0.0,1360,1516.0,2472.0,0.0,4.49,7.35,11.53,0.0,250,397.0,38.0,0.0,many,RT,2
85,2876,9348,6039,0,73.8384,17.1745,27.005,28.3446,0.0,1313,2431.0,2417.0,0.0,1.96,8.27,11.87,0.0,7,573.0,333.0,0.0,many,RT,2
85,1447,3375,1957,0,53.605,17.1144,24.278,10.9879,0.0,1506,2767.0,1149.0,0.0,4.79,11.09,6.16,0.0,10,840.0,376.0,0.0,many,TR,2
85,1448,7291,4607,3235,75.6391,20.067,13.1134,19.3616,21.1555,1158,1159.0,2107.0,2211.0,-5.32,7.56,9.82,10.04,119,221.0,593.0,584.0,many,RT,3
86,3559,4897,0,0,56.3426,18.8859,36.3174,0.0,0.0,2207,3116.0,0.0,0.0,12.92,15.39,0.0,0.0,30,366.0,0.0,0.0,one,RT,1
86,4716,9033,0,0,47.8202,17.2917,29.2534,0.0,0.0,2390,3226.0,0.0,0.0,13.62,15.75,0.0,0.0,220,765.0,0.0,0.0,one,RT,1
88,3359,9876,7488,3125,85.0371,19.41,13.2727,28.5914,22.1026,2007,1394.0,2784.0,2807.0,6.13,7.41,9.37,10.83,207,410.0,734.0,985.0,many,TR,3
89,1632,8560,0,0,71.4295,10.7754,60.1214,0.0,0.0,3885,3800.0,0.0,0.0,36.0,12.33,0.0,0.0,542,-40.0,0.0,0.0,one,TR,1
92,2684,3107,0,0,23.295,9.1498,13.6104,0.0,0.0,1167,1261.0,0.0,0.0,7.44,8.35,0.0,0.0,28,244.0,0.0,0.0,one,RT,1
94,900,3667,0,0,49.624,14.4997,34.3506,0.0,0.0,1965,2835.0,0.0,0.0,13.67,11.74,0.0,0.0,35,399.0,0.0,0.0,one,RT,1
98,3440,814,0,0,38.3588,11.5776,26.0647,0.0,0.0,1749,2989.0,0.0,0.0,11.92,11.16,0.0,0.0,115,933.0,0.0,0.0,one,TR,1
99,2635,7910,0,0,41.9848,7.1323,34.3468,0.0,0.0,2303,2353.0,0.0,0.0,19.63,10.06,0.0,0.0,373,88.0,0.0,0.0,one,RT,1
104,2410,5863,1780,0,103.876,18.6871,36.7865,47.3621,0.0,2883,2400.0,2255.0,0.0,20.91,9.87,9.54,0.0,143,22.0,-569.0,0.0,many,TR,2
105,3777,6279,0,0,45.1677,10.2244,34.3435,0.0,0.0,3181,3185.0,0.0,0.0,28.0,11.0,0.0,0.0,448,716.0,0.0,0.0,one,RT,1
109,526,8384,956,0,49.3672,10.8241,18.6806,18.9911,0.0,1800,1739.0,2001.0,0.0,11.06,7.06,8.66,0.0,240,455.0,578.0,0.0,many,RT,2
112,3296,6361,0,0,37.7466,10.8314,26.0679,0.0,0.0,1067,2831.0,0.0,0.0,3.58,12.47,0.0,0.0,66,745.0,0.0,0.0,one,TR,1
114,2344,7220,0,0,73.858,9.8328,63.3766,0.0,0.0,1464,3385.0,0.0,0.0,9.53,12.49,0.0,0.0,112,-533.0,0.0,0.0,one,RT,1
114,3657,9093,0,0,65.7151,13.6623,51.3992,0.0,0.0,2557,2698.0,0.0,0.0,20.97,11.54,0.0,0.0,153,-490.0,0.0,0.0,one,TR,1
114,1268,853,0,0,39.0537,9.5637,28.8005,0.0,0.0,1266,2168.0,0.0,0.0,7.09,10.9,0.0,0.0,102,156.0,0.0,0.0,one,RT,1
114,1156,5897,5274,0,62.5189,16.1958,21.7123,23.2637,0.0,4298,1575.0,2697.0,0.0,33.01,9.72,10.75,0.0,735,59.0,846.0,0.0,many,RT,2
114,2354,9114,5527,0,52.0216,10.5523,13.1586,27.42,0.0,2022,1112.0,2357.0,0.0,13.21,7.53,8.37,0.0,313,182.0,489.0,0.0,many,TR,2
116,3822,2791,0,0,66.3071,25.4336,39.3454,0.0,0.0,3436,3239.0,0.0,0.0,22.33,19.28,0.0,0.0,140,146.0,0.0,0.0,one,TR,1
116,3846,87,0,0,30.8805,10.2506,19.9297,0.0,0.0,1385,1595.0,0.0,0.0,8.24,10.0,0.0,0.0,97,145.0,0.0,0.0,one,TR,1
117,1213,1012,0,0,23.7333,8.5347,14.3528,0.0,0.0,1378,1846.0,0.0,0.0,6.86,10.46,0.0,0.0,256,584.0,0.0,0.0,one,RT,1
117,745,3196,0,0,26.7012,11.2058,14.6955,0.0,0.0,1029,1435.0,0.0,0.0,3.61,10.0,0.0,0.0,15,258.0,0.0,0.0,one,RT,1
117,2232,2292,1428,0,68.7864,18.2129,24.0605,25.1891,0.0,1611,2782.0,2540.0,0.0,5.0,10.62,10.62,0.0,22,884.0,636.0,0.0,many,TR,2
120,2428,5989,0,0,31.9384,9.6142,21.7158,0.0,0.0,1073,2165.0,0.0,0.0,5.79,10.08,0.0,0.0,18,519.0,0.0,0.0,one,TR,1
120,2038,4068,0,0,24.0767,10.465,12.8627,0.0,0.0,1070,1467.0,0.0,0.0,4.49,9.49,0.0,0.0,39,392.0,0.0,0.0,one,RT,1
120,1610,2104,99,0,50.7732,14.7519,22.1002,12.6477,0.0,1567,2582.0,1507.0,0.0,4.99,9.47,8.26,0.0,172,866.0,491.0,0.0,many,RT,2
121,4729,5422,5421,2577,71.5922,15.2701,18.3949,18.3949,17.9582,1962,1762.0,1762.0,1781.0,6.43,8.25,8.25,8.25,376,432.0,432.0,467.0,many,RT,3
124,2202,8825,0,0,20.014,9.2195,10.2823,0.0,0.0,1178,893.0,0.0,0.0,7.76,8.12,0.0,0.0,16,111.0,0.0,0.0,one,RT,1
124,2438,9605,0,0,24.8121,11.274,12.8485,0.0,0.0,1585,1549.0,0.0,0.0,10.44,9.9,0.0,0.0,82,440.0,0.0,0.0,one,TR,1
124,1300,7437,2522,0,44.5632,11.6208,9.5106,22.3546,0.0,1355,1214.0,2571.0,0.0,4.53,7.3,9.47,0.0,198,444.0,845.0,0.0,many,RT,2
124,324,9547,9158,0,46.7603,11.5856,16.4736,17.459,0.0,1406,1792.0,1688.0,0.0,3.58,8.81,9.61,0.0,290,519.0,352.0,0.0,many,RT,2
127,1574,8668,0,0,51.1131,13.1712,36.7001,0.0,0.0,2413,2986.0,0.0,0.0,14.16,17.42,0.0,0.0,428,150.0,0.0,0.0,one,TR,1
127,3030,8969,0,0,33.5209,10.5519,22.4448,0.0,0.0,1502,1531.0,0.0,0.0,11.05,8.24,0.0,0.0,23,58.0,0.0,0.0,one,RT,1
127,3733,1853,1458,0,53.4091,11.0523,16.2698,25.0739,0.0,1526,1699.0,2076.0,0.0,6.9,8.72,8.41,0.0,235,457.0,369.0,0.0,many,TR,2
127,4259,7340,799,0,67.9875,12.2951,24.2915,30.1717,0.0,2554,2118.0,2929.0,0.0,15.75,10.17,10.13,0.0,500,358.0,743.0,0.0,many,TR,2
134,4798,6022,0,0,40.3201,12.9643,26.7807,0.0,0.0,1994,3019.0,0.0,0.0,15.76,10.75,0.0,0.0,28,943.0,0.0,0.0,one,TR,1
134,3923,1273,0,0,27.1088,8.4646,18.0826,0.0,0.0,1119,1737.0,0.0,0.0,6.69,8.62,0.0,0.0,67,409.0,0.0,0.0,one,RT,1
136,1560,5049,0,0,38.8088,7.4489,30.7508,0.0,0.0,1307,2413.0,0.0,0.0,8.24,10.09,0.0,0.0,185,301.0,0.0,0.0,one,RT,1
136,4858,5503,0,0,40.776,12.0496,28.0149,0.0,0.0,1477,2850.0,0.0,0.0,9.1,11.12,0.0,0.0,27,733.0,0.0,0.0,one,TR,1
136,781,3977,0,0,62.6065,22.0077,39.2962,0.0,0.0,2463,3241.0,0.0,0.0,14.14,17.03,0.0,0.0,-1,254.0,0.0,0.0,one,RT,1
136,18,5399,5398,0,71.3659,13.6342,28.2861,28.2861,0.0,1209,2627.0,2627.0,0.0,2.26,9.8,9.8,0.0,98,601.0,601.0,0.0,many,RT,2
136,543,9840,6018,413,81.1782,18.9357,20.3858,20.1141,20.1417,1609,1349.0,1383.0,1735.0,2.49,8.41,8.26,8.34,116,-1.0,46.0,325.0,many,RT,3
136,2632,8437,3671,0,58.2478,12.341,26.7162,18.1224,0.0,1787,2408.0,2008.0,0.0,9.15,9.26,8.42,0.0,251,522.0,635.0,0.0,many,RT,2
136,1209,9204,9060,2742,86.8715,17.5788,30.4665,13.8576,23.1121,1296,2347.0,1777.0,2328.0,-3.1,10.26,9.15,9.15,241,253.0,612.0,629.0,many,RT,3
136,4002,7635,7302,6647,92.7111,20.6938,24.2947,24.2252,21.658,2411,2926.0,2271.0,2022.0,8.76,10.43,9.36,9.61,314,998.0,522.0,428.0,many,RT,3
140,4162,5560,0,0,23.3796,7.639,15.1775,0.0,0.0,1462,1315.0,0.0,0.0,10.28,8.63,0.0,0.0,187,202.0,0.0,0.0,one,TR,1
140,1772,8015,0,0,25.169,9.9086,14.6351,0.0,0.0,1041,1741.0,0.0,0.0,5.3,9.25,0.0,0.0,3,542.0,0.0,0.0,one,TR,1
140,2652,9594,6182,3050,102.1367,12.855,45.7035,14.7277,27.5253,1233,2500.0,1390.0,2041.0,1.02,10.5,7.37,8.38,224,-339.0,341.0,229.0,many,RT,3
140,1242,8959,7360,6713,75.5726,14.383,19.8121,10.7713,29.1812,1250,2006.0,1206.0,2085.0,0.3,8.66,6.91,8.68,194,544.0,397.0,174.0,many,RT,3
140,3569,3930,639,0,59.423,11.4181,26.6943,20.4182,0.0,1133,2535.0,1913.0,0.0,3.87,9.55,8.37,0.0,71,612.0,454.0,0.0,many,TR,2
142,2363,8259,0,0,83.0646,9.133,73.3204,0.0,0.0,2878,4665.0,0.0,0.0,24.72,13.11,0.0,0.0,444,12.0,0.0,0.0,one,RT,1
151,3790,5858,0,0,40.4145,14.8292,24.4743,0.0,0.0,1719,2865.0,0.0,0.0,8.05,14.11,0.0,0.0,124,770.0,0.0,0.0,one,TR,1
151,4260,7953,194,0,63.9482,16.7141,22.0395,23.5397,0.0,2514,2988.0,2474.0,0.0,11.5,11.28,11.27,0.0,460,1113.0,629.0,0.0,many,TR,2
152,2299,4822,0,0,27.3262,11.0076,15.4275,0.0,0.0,1154,1786.0,0.0,0.0,4.1,11.91,0.0,0.0,97,419.0,0.0,0.0,one,RT,1
157,593,8614,940,0,82.4432,12.7997,10.5261,58.0805,0.0,1057,1116.0,2674.0,0.0,1.77,7.18,11.18,0.0,50,323.0,-802.0,0.0,many,RT,2
157,4952,8507,7691,5251,109.9473,16.9493,10.1417,18.121,63.3386,1326,1104.0,1964.0,3379.0,1.35,6.56,7.69,10.71,61,360.0,633.0,-454.0,many,RT,3
157,3479,5873,4547,2378,62.0583,14.8884,12.957,16.8086,16.0262,1789,1436.0,1152.0,1762.0,6.38,7.53,7.56,7.69,264,453.0,44.0,567.0,many,RT,3
157,933,6335,6242,3947,63.3473,16.8035,16.6734,11.99,16.5325,1454,1836.0,1248.0,1845.0,3.14,8.46,7.53,8.49,74,561.0,346.0,574.0,many,RT,3
160,2082,9568,5959,0,87.0524,19.9542,30.2929,35.4378,0.0,1961,2062.0,3080.0,0.0,8.28,9.68,12.0,0.0,28,58.0,535.0,0.0,many,RT,2
160,4660,3139,621,152,97.3308,25.5902,32.3135,25.4984,11.876,1996,2640.0,2799.0,1201.0,2.48,10.89,12.8,7.84,64,375.0,730.0,299.0,many,RT,3
161,3014,9570,0,0,36.5993,12.6779,22.8415,0.0,0.0,1248,2641.0,0.0,0.0,3.38,13.8,0.0,0.0,119,679.0,0.0,0.0,one,RT,1
161,3610,9504,9142,0,86.424,15.0697,28.0908,42.1999,0.0,1377,3084.0,2760.0,0.0,4.89,9.65,9.99,0.0,13,986.0,57.0,0.0,many,TR,2
161,173,8408,6968,3838,68.5369,19.4244,19.2547,11.5502,16.6404,1421,1574.0,1125.0,1862.0,-0.08,8.77,7.85,9.05,80,216.0,252.0,556.0,many,RT,3
162,4421,5522,0,0,30.2533,9.0766,20.5649,0.0,0.0,1783,2156.0,0.0,0.0,13.21,9.12,0.0,0.0,205,609.0,0.0,0.0,one,RT,1
162,1243,9117,4089,3937,66.6143,15.1958,15.355,21.6925,12.9534,1672,1582.0,2319.0,1066.0,4.8,7.52,8.92,7.74,241,461.0,698.0,145.0,many,TR,3
163,4820,3249,0,0,39.9353,10.6247,28.7758,0.0,0.0,1756,2508.0,0.0,0.0,13.62,10.35,0.0,0.0,80,457.0,0.0,0.0,one,TR,1
163,2422,8672,7717,0,67.2709,14.7875,22.6791,28.883,0.0,2318,2537.0,2044.0,0.0,16.05,8.61,8.61,0.0,168,843.0,158.0,0.0,many,TR,2
164,1686,5931,0,0,24.9657,8.7164,15.5986,0.0,0.0,1147,1713.0,0.0,0.0,6.19,9.51,0.0,0.0,102,463.0,0.0,0.0,one,RT,1
164,2510,3649,0,0,48.1283,13.9165,33.3469,0.0,0.0,2086,3308.0,0.0,0.0,14.12,13.65,0.0,0.0,136,739.0,0.0,0.0,one,RT,1
164,3595,4585,3693,0,49.2085,8.5894,29.0514,10.7217,0.0,1251,2248.0,1055.0,0.0,5.52,9.24,6.22,0.0,225,286.0,309.0,0.0,many,TR,2
164,2161,9587,8547,0,67.5455,16.2558,21.7028,28.3271,0.0,1514,2070.0,2877.0,0.0,4.56,9.39,10.21,0.0,74,475.0,782.0,0.0,many,RT,2
164,2250,9695,5353,0,59.9483,13.9791,26.8822,17.8477,0.0,1553,2918.0,1361.0,0.0,5.15,10.13,9.27,0.0,194,886.0,86.0,0.0,many,RT,2
165,4619,5782,0,0,21.6327,8.9394,12.0213,0.0,0.0,1397,1259.0,0.0,0.0,8.62,9.72,0.0,0.0,156,252.0,0.0,0.0,one,RT,1
166,4483,9216,0,0,32.8692,10.7927,21.4541,0.0,0.0,1535,1981.0,0.0,0.0,10.52,10.22,0.0,0.0,64,376.0,0.0,0.0,one,TR,1
171,3201,4445,4133,0,128.6338,21.8086,54.0011,51.1572,0.0,4850,3120.0,4542.0,0.0,35.92,13.1,13.57,0.0,712,-342.0,916.0,0.0,many,TR,2
173,554,8245,0,0,37.0014,12.1402,24.2656,0.0,0.0,2367,2303.0,0.0,0.0,19.49,9.96,0.0,0.0,164,518.0,0.0,0.0,one,RT,1
173,1873,6455,0,0,51.716,18.6284,31.8867,0.0,0.0,2771,3141.0,0.0,0.0,18.29,16.01,0.0,0.0,198,563.0,0.0,0.0,one,TR,1
173,3487,6662,4807,2465,86.0597,17.6784,23.0764,21.4545,22.4946,1570,2128.0,2270.0,2103.0,4.28,8.48,8.54,8.54,57,500.0,687.0,504.0,many,TR,3
175,1590,8419,0,0,21.5689,9.4918,11.5353,0.0,0.0,1102,889.0,0.0,0.0,6.69,7.42,0.0,0.0,-1,82.0,0.0,0.0,one,RT,1
175,1222,90,0,0,28.2286,8.5332,18.8538,0.0,0.0,1562,2236.0,0.0,0.0,8.83,11.42,0.0,0.0,295,647.0,0.0,0.0,one,TR,1
176,3571,1421,0,0,36.3622,9.3409,26.5034,0.0,0.0,1277,3044.0,0.0,0.0,8.75,10.18,0.0,0.0,34,1003.0,0.0,0.0,one,RT,1
176,3100,5214,677,0,61.26,12.3475,24.2043,23.348,0.0,1629,2479.0,2384.0,0.0,4.86,10.63,10.97,0.0,355,632.0,579.0,0.0,many,TR,2
176,851,7382,1609,0,80.1845,20.4809,24.4119,33.5238,0.0,2375,2990.0,2344.0,0.0,9.03,11.84,12.84,0.0,283,979.0,-10.0,0.0,many,TR,2
178,3901,2441,0,0,26.9626,6.3694,20.0838,0.0,0.0,1241,2124.0,0.0,0.0,8.45,9.09,0.0,0.0,180,607.0,0.0,0.0,one,TR,1
180,822,9051,8732,5818,128.9071,31.8147,31.7235,28.754,33.4911,1393,3173.0,3345.0,3086.0,-13.49,13.41,14.41,14.41,112,716.0,946.0,518.0,many,TR,3
181,3958,1185,0,0,31.3288,9.6181,20.7411,0.0,0.0,1570,2482.0,0.0,0.0,7.76,13.7,0.0,0.0,300,653.0,0.0,0.0,one,RT,1
181,2480,5510,0,0,31.9623,14.3108,16.7279,0.0,0.0,1435,1983.0,0.0,0.0,6.75,12.24,0.0,0.0,-1,503.0,0.0,0.0,one,RT,1
182,310,3642,0,0,23.7547,7.6849,15.3575,0.0,0.0,1535,1277.0,0.0,0.0,9.71,9.12,0.0,0.0,272,140.0,0.0,0.0,one,RT,1
182,2891,8978,6134,4298,87.0524,22.5881,27.8184,13.124,21.847,2603,2435.0,1439.0,1465.0,12.26,9.58,7.64,8.54,177,478.0,443.0,19.0,many,TR,3
182,2453,5641,2654,0,58.8619,13.2699,26.779,17.5465,0.0,1307,1465.0,1190.0,0.0,2.32,9.01,8.66,0.0,190,-231.0,-10.0,0.0,many,RT,2
183,3171,8798,0,0,33.9378,10.2594,23.0871,0.0,0.0,1333,2629.0,0.0,0.0,8.67,9.91,0.0,0.0,33,838.0,0.0,0.0,one,RT,1
184,457,9620,0,0,21.5501,7.3789,13.4285,0.0,0.0,1423,1520.0,0.0,0.0,8.26,10.43,0.0,0.0,278,365.0,0.0,0.0,one,TR,1
184,39,7075,1478,0,64.5706,11.8867,26.9626,24.4117,0.0,1407,2842.0,2647.0,0.0,2.99,10.55,10.55,0.0,306,801.0,762.0,0.0,many,RT,2
184,3629,9353,8754,7131,112.1073,22.5958,21.2971,22.118,43.8906,2213,1594.0,1546.0,3695.0,3.38,9.98,10.16,12.92,344,82.0,-3.0,598.0,many,RT,3
184,3300,8642,6640,3388,110.3335,17.9861,28.376,40.7048,21.506,1679,2796.0,3915.0,2358.0,1.78,10.18,10.8,9.63,258,716.0,1021.0,705.0,many,TR,3
184,1291,7334,1781,0,56.1714,13.6831,22.7148,18.4911,0.0,1610,2277.0,2059.0,0.0,5.36,10.36,9.47,0.0,243,550.0,611.0,0.0,many,RT,2
184,863,6407,4357,3015,121.3153,22.0432,43.3677,26.7694,26.7812,2487,3033.0,3442.0,3443.0,4.93,12.42,12.06,12.06,505,111.0,1225.0,1225.0,many,RT,3
184,2937,6222,2484,0,48.9829,13.3825,16.6363,17.6448,0.0,1355,1603.0,1841.0,0.0,2.35,9.64,9.55,0.0,220,320.0,470.0,0.0,many,RT,2
186,3472,4926,4061,0,55.434,10.4354,18.4811,25.5776,0.0,2217,1817.0,2205.0,0.0,14.82,7.77,8.63,0.0,386,494.0,440.0,0.0,many,RT,2
186,4752,9888,9694,9199,73.0966,19.7429,18.946,13.3684,19.1862,1901,2222.0,1485.0,2364.0,3.28,10.08,9.28,10.17,258,693.0,393.0,792.0,many,RT,3
190,3153,9690,0,0,49.1658,14.6086,33.975,0.0,0.0,3277,3152.0,0.0,0.0,29.17,10.82,0.0,0.0,228,715.0,0.0,0.0,one,RT,1
197,4852,5996,0,0,23.5026,8.324,14.3617,0.0,0.0,1560,1966.0,0.0,0.0,9.03,11.17,0.0,0.0,294,648.0,0.0,0.0,one,TR,1
197,1009,2846,0,0,27.6571,6.5127,20.5007,0.0,0.0,1238,2437.0,0.0,0.0,7.21,10.44,0.0,0.0,236,778.0,0.0,0.0,one,RT,1
200,4152,761,0,0,66.6181,18.4062,47.4607,0.0,0.0,3174,3049.0,0.0,0.0,26.57,12.51,0.0,0.0,84,-70.0,0.0,0.0,one,TR,1
201,2861,7280,1199,0,98.1673,16.8782,33.4756,46.6642,0.0,3294,2994.0,3320.0,0.0,24.24,10.54,11.95,0.0,382,623.0,212.0,0.0,many,RT,2
203,1039,9949,8634,0,47.9718,14.9039,16.5901,15.256,0.0,1136,1760.0,1532.0,0.0,0.93,9.17,9.05,0.0,44,471.0,354.0,0.0,many,RT,2
203,2115,8724,151,0,65.0224,19.9196,21.7741,21.7984,0.0,1863,2366.0,1583.0,0.0,5.79,11.78,9.52,0.0,86,600.0,71.0,0.0,many,TR,2
203,4809,9958,9872,6606,108.7866,22.6551,29.1239,27.0176,28.1079,1476,2386.0,2056.0,2436.0,-1.44,9.2,9.24,11.39,23,396.0,225.0,382.0,many,TR,3
204,648,8224,0,0,59.5095,15.9691,42.92,0.0,0.0,2687,3089.0,0.0,0.0,22.63,11.2,0.0,0.0,43,233.0,0.0,0.0,one,RT,1
205,3334,7610,0,0,21.3315,7.6,12.957,0.0,0.0,1294,1423.0,0.0,0.0,6.62,9.74,0.0,0.0,253,340.0,0.0,0.0,one,RT,1
205,4512,5941,1852,0,93.4677,24.3256,31.1112,35.9575,0.0,2099,2993.0,3166.0,0.0,3.38,14.45,14.29,0.0,164,551.0,474.0,0.0,many,RT,2
206,814,4986,4064,0,74.6207,10.2305,26.3549,37.1009,0.0,2275,2046.0,3384.0,0.0,15.48,8.59,9.75,0.0,407,277.0,807.0,0.0,many,TR,2
208,2072,1055,0,0,71.312,8.6713,62.1314,0.0,0.0,1161,3814.0,0.0,0.0,7.61,12.09,0.0,0.0,40,-111.0,0.0,0.0,one,TR,1
208,4830,3448,0,0,61.0697,7.8314,52.5776,0.0,0.0,1198,3312.0,0.0,0.0,6.63,11.61,0.0,0.0,165,-52.0,0.0,0.0,one,RT,1
208,4968,4997,0,0,28.3521,8.2358,19.4988,0.0,0.0,1424,1601.0,0.0,0.0,9.39,9.18,0.0,0.0,173,208.0,0.0,0.0,one,RT,1
208,201,8908,6723,0,78.3405,16.0647,33.2994,27.3418,0.0,1218,2491.0,2504.0,0.0,-1.92,11.11,12.23,0.0,198,199.0,433.0,0.0,many,TR,2
208,3956,9181,515,0,57.3264,18.3574,21.7903,15.4744,0.0,1949,2805.0,2027.0,0.0,5.13,12.58,11.47,0.0,271,917.0,632.0,0.0,many,RT,2
210,4788,3128,0,0,30.9067,7.9199,22.2795,0.0,0.0,1697,1724.0,0.0,0.0,11.45,10.07,0.0,0.0,293,137.0,0.0,0.0,one,RT,1
210,1743,2083,1022,0,92.9093,17.8237,24.8509,48.5491,0.0,2612,2572.0,3836.0,0.0,12.26,11.43,13.43,0.0,437,640.0,473.0,0.0,many,RT,2
213,2618,6518,0,0,32.6246,12.4345,19.3612,0.0,0.0,1311,2412.0,0.0,0.0,6.31,11.29,0.0,0.0,26,771.0,0.0,0.0,one,TR,1
213,2166,4582,0,0,25.6167,9.6667,15.3233,0.0,0.0,1024,1816.0,0.0,0.0,5.11,9.27,0.0,0.0,13,570.0,0.0,0.0,one,RT,1
213,4008,154,0,0,26.1655,8.7544,16.8622,0.0,0.0,1060,1878.0,0.0,0.0,6.19,9.49,0.0,0.0,32,539.0,0.0,0.0,one,TR,1
213,3680,5304,5151,1443,74.1995,12.9847,10.2223,10.9345,38.8194,1187,1148.0,1223.0,2659.0,1.32,7.21,7.11,9.07,165,362.0,394.0,174.0,many,RT,3
213,1253,3740,1129,0,43.3789,9.5282,11.5699,21.4594,0.0,1378,1297.0,1858.0,0.0,7.08,7.06,7.16,0.0,192,427.0,418.0,0.0,many,RT,2
213,2287,8522,2190,1054,77.2754,19.4307,15.405,24.6284,15.873,1868,1379.0,2825.0,2116.0,2.17,8.16,9.59,9.63,308,265.0,940.0,770.0,many,RT,3
215,3093,8146,0,0,22.7617,11.3247,10.7785,0.0,0.0,1291,1420.0,0.0,0.0,7.63,9.59,0.0,0.0,-1,446.0,0.0,0.0,one,TR,1
215,595,6173,0,0,23.3525,6.7564,16.0076,0.0,0.0,1408,1910.0,0.0,0.0,9.49,8.89,0.0,0.0,234,632.0,0.0,0.0,one,TR,1
215,3166,5930,1598,0,99.6386,15.2904,28.9173,53.7759,0.0,1808,3024.0,3049.0,0.0,4.09,12.27,14.27,0.0,379,778.0,-443.0,0.0,many,RT,2
223,311,4287,3969,2293,60.892,17.7582,12.8392,12.9062,15.6153,1290,1323.0,1664.0,1511.0,-2.41,8.73,8.94,9.06,190,312.0,574.0,320.0,many,RT,3
224,3798,9330,3265,0,50.7313,12.3014,20.6658,16.8956,0.0,1329,2310.0,1687.0,0.0,6.14,8.62,7.06,0.0,56,752.0,495.0,0.0,many,TR,2
225,2623,156,0,0,73.2973,14.3235,58.3824,0.0,0.0,3171,3542.0,0.0,0.0,27.97,11.91,0.0,0.0,224,-149.0,0.0,0.0,one,RT,1
227,1064,1935,0,0,32.328,9.2801,22.0818,0.0,0.0,1413,2834.0,0.0,0.0,6.14,12.66,0.0,0.0,282,923.0,0.0,0.0,one,RT,1
227,4202,9981,0,0,50.0461,17.4934,31.3965,0.0,0.0,1881,3031.0,0.0,0.0,9.34,15.56,0.0,0.0,40,517.0,0.0,0.0,one,TR,1
227,1033,9316,8315,4968,81.5756,21.3713,14.5664,26.3814,17.0326,1301,1570.0,2546.0,1489.0,-6.35,8.65,13.0,9.6,216,435.0,476.0,212.0,many,RT,3
227,1251,5667,3231,0,37.0928,11.5554,10.0085,14.6575,0.0,1229,1124.0,1385.0,0.0,5.06,7.13,6.58,0.0,75,356.0,377.0,0.0,many,TR,2
231,4413,824,0,0,31.8072,8.8479,22.2244,0.0,0.0,1178,2785.0,0.0,0.0,5.76,12.35,0.0,0.0,142,891.0,0.0,0.0,one,TR,1
231,4551,6598,0,0,33.2919,9.5262,23.2451,0.0,0.0,1187,2277.0,0.0,0.0,7.78,9.21,0.0,0.0,6,579.0,0.0,0.0,one,RT,1
231,3274,7182,2810,0,54.0609,9.8809,17.9512,25.3976,0.0,1316,1277.0,1924.0,0.0,6.34,7.07,8.24,0.0,164,115.0,239.0,0.0,many,RT,2
231,462,8174,1324,0,63.8464,12.2828,22.2274,28.0054,0.0,1383,2500.0,2737.0,0.0,2.55,9.43,10.88,0.0,290,796.0,653.0,0.0,many,RT,2
231,4584,8115,2855,0,65.367,17.5694,19.9905,26.2621,0.0,2193,2295.0,2610.0,0.0,9.12,10.74,10.71,0.0,291,673.0,639.0,0.0,many,RT,2
233,3644,2600,0,0,33.5637,10.7269,22.1054,0.0,0.0,1130,2716.0,0.0,0.0,5.28,11.31,0.0,0.0,30,889.0,0.0,0.0,one,RT,1
233,1177,4154,3095,0,89.1392,21.8976,41.486,24.0383,0.0,1677,3651.0,2496.0,0.0,2.15,13.6,11.57,0.0,29,642.0,610.0,0.0,many,RT,2
233,760,9253,2489,0,52.7972,12.9428,20.8254,18.1089,0.0,1295,1989.0,1966.0,0.0,5.32,7.89,7.31,0.0,39,519.0,653.0,0.0,many,RT,2
233,3464,7402,6316,0,50.9075,13.9616,20.2402,15.7101,0.0,1524,2133.0,1754.0,0.0,7.04,8.16,7.8,0.0,72,650.0,570.0,0.0,many,RT,2
233,1976,9324,2919,2616,94.6416,19.5392,16.9166,27.3765,29.1477,1747,1678.0,2689.0,1993.0,3.39,8.6,9.51,9.5,143,416.0,707.0,63.0,many,RT,3
234,596,4090,3310,0,60.2217,10.5783,28.3644,20.1202,0.0,1667,2895.0,1731.0,0.0,7.07,11.14,7.45,0.0,361,752.0,364.0,0.0,many,RT,2
238,4906,1217,0,0,26.2467,7.2895,18.298,0.0,0.0,1363,1934.0,0.0,0.0,8.38,9.59,0.0,0.0,230,513.0,0.0,0.0,one,TR,1
238,1018,3923,0,0,34.0276,9.7703,23.2778,0.0,0.0,1357,2326.0,0.0,0.0,5.43,12.79,0.0,0.0,250,451.0,0.0,0.0,one,TR,1
238,3200,9407,3245,0,68.4135,13.0192,28.6462,25.4248,0.0,1706,2412.0,2443.0,0.0,6.0,8.53,11.71,0.0,319,470.0,497.0,0.0,many,TR,2
238,414,3827,2773,422,162.3524,24.1804,27.0337,39.6406,68.9874,1533,3071.0,2803.0,3900.0,-6.5,12.41,11.27,15.42,255,897.0,150.0,-512.0,many,RT,3
240,3628,9012,0,0,53.436,14.8286,37.6003,0.0,0.0,2378,3508.0,0.0,0.0,15.91,15.07,0.0,0.0,220,638.0,0.0,0.0,one,RT,1
240,370,9900,7346,6612,92.116,18.1659,19.2472,24.3568,28.9262,1993,2254.0,2483.0,1869.0,8.15,9.05,8.68,8.46,155,752.0,718.0,21.0,many,RT,3
243,490,6330,0,0,33.7977,9.8313,23.3616,0.0,0.0,1098,2727.0,0.0,0.0,6.09,11.05,0.0,0.0,10,852.0,0.0,0.0,one,RT,1
243,3703,8490,3991,0,73.1172,10.1108,48.848,13.228,0.0,1225,3762.0,1152.0,0.0,4.49,10.77,7.53,0.0,179,522.0,211.0,0.0,many,TR,2
245,3414,9431,0,0,61.9802,15.6975,45.7684,0.0,0.0,3895,2566.0,0.0,0.0,36.27,10.14,0.0,0.0,274,-272.0,0.0,0.0,one,RT,1
246,4235,3428,0,0,31.3405,11.4352,19.0431,0.0,0.0,1459,2426.0,0.0,0.0,7.56,11.62,0.0,0.0,128,782.0,0.0,0.0,one,RT,1
246,4986,7642,0,0,44.9371,11.6686,32.1306,0.0,0.0,1997,3638.0,0.0,0.0,10.73,15.38,0.0,0.0,366,982.0,0.0,0.0,one,TR,1
246,3355,6308,1284,0,73.5188,23.037,13.8529,35.2789,0.0,3470,1824.0,2582.0,0.0,24.29,8.52,10.98,0.0,190,679.0,187.0,0.0,many,RT,2
246,861,9806,5528,269,109.512,24.9861,30.4344,23.2248,28.3683,1459,2693.0,2762.0,3036.0,-7.17,11.94,11.47,12.58,190,456.0,867.0,799.0,many,RT,3
246,2974,4301,3778,0,47.9378,11.4562,17.2329,18.2673,0.0,1220,1807.0,1964.0,0.0,3.98,7.64,9.17,0.0,131,550.0,558.0,0.0,many,RT,2
247,3599,9094,0,0,34.7713,16.063,17.7296,0.0,0.0,1889,2231.0,0.0,0.0,11.03,12.79,0.0,0.0,33,631.0,0.0,0.0,one,RT,1
247,537,9101,0,0,34.5726,12.3146,21.5111,0.0,0.0,1621,1887.0,0.0,0.0,10.3,10.47,0.0,0.0,62,286.0,0.0,0.0,one,TR,1
252,753,6079,0,0,27.1456,6.7986,19.8023,0.0,0.0,1253,1516.0,0.0,0.0,8.25,8.45,0.0,0.0,177,159.0,0.0,0.0,one,TR,1
252,3427,1300,0,0,25.1889,8.8997,15.7805,0.0,0.0,1168,1384.0,0.0,0.0,7.69,8.09,0.0,0.0,29,255.0,0.0,0.0,one,RT,1
252,1901,5567,0,0,37.2887,10.6974,25.872,0.0,0.0,1547,1537.0,0.0,0.0,9.77,11.19,0.0,0.0,118,-232.0,0.0,0.0,one,RT,1
252,1670,4519,571,0,40.8342,13.7047,15.717,10.3137,0.0,1317,1836.0,1291.0,0.0,3.94,8.5,8.49,0.0,89,604.0,414.0,0.0,many,RT,2
252,4781,4483,186,0,50.475,13.4542,12.8638,23.064,0.0,1468,1594.0,2249.0,0.0,5.58,9.2,8.73,0.0,133,508.0,587.0,0.0,many,RT,2
252,2914,8406,404,0,43.0874,12.2924,14.2228,15.6504,0.0,1793,1203.0,1839.0,0.0,10.53,7.82,7.4,0.0,185,193.0,660.0,0.0,many,RT,2
257,4479,9757,0,0,39.7961,13.7304,24.9257,0.0,0.0,1352,2916.0,0.0,0.0,3.94,14.4,0.0,0.0,115,777.0,0.0,0.0,one,TR,1
257,4074,3285,0,0,31.2871,11.3842,19.0019,0.0,0.0,1933,2057.0,0.0,0.0,12.19,12.01,0.0,0.0,254,468.0,0.0,0.0,one,TR,1
260,2104,2405,0,0,59.5843,16.6399,42.2018,0.0,0.0,2663,2957.0,0.0,0.0,21.28,12.43,0.0,0.0,61,103.0,0.0,0.0,one,TR,1
260,2883,3791,1966,0,49.1468,8.6738,26.3637,13.2594,0.0,1254,2633.0,927.0,0.0,5.52,8.27,6.23,0.0,223,766.0,88.0,0.0,many,RT,2
260,2039,3896,2628,2159,107.8546,31.3068,21.5398,24.1276,28.6037,3734,2486.0,2893.0,2555.0,18.72,11.65,10.62,11.5,252,714.0,970.0,450.0,many,RT,3
262,2850,5976,5635,0,80.3163,12.0369,53.0031,14.1701,0.0,1172,3502.0,1810.0,0.0,2.35,11.01,9.05,0.0,149,109.0,629.0,0.0,many,RT,2
262,2915,7469,5077,1713,101.2398,24.6477,26.9504,28.4306,19.2224,2170,2107.0,2712.0,1843.0,4.89,10.19,11.19,8.5,122,225.0,599.0,447.0,many,TR,3
262,1405,8041,6223,4038,107.0313,23.8613,24.7907,30.0635,25.996,1272,2736.0,2585.0,2669.0,-7.52,11.1,11.1,12.01,123,791.0,425.0,639.0,many,TR,3
262,1970,96,49,0,72.755,19.8308,29.2107,21.8617,0.0,1180,3266.0,2909.0,0.0,-4.28,13.28,13.23,0.0,93,913.0,967.0,0.0,many,RT,2
262,4088,8427,4035,0,86.4851,16.6467,38.753,29.3896,0.0,2022,3403.0,2859.0,0.0,5.97,12.48,11.47,0.0,374,620.0,660.0,0.0,many,RT,2
263,2609,8151,0,0,49.0079,19.0144,28.8881,0.0,0.0,2179,2564.0,0.0,0.0,12.93,14.05,0.0,0.0,1,326.0,0.0,0.0,one,TR,1
263,2672,8939,0,0,31.1407,10.74,19.6877,0.0,0.0,1516,1867.0,0.0,0.0,9.5,10.13,0.0,0.0,106,370.0,0.0,0.0,one,RT,1
263,4490,5913,5569,0,83.2929,25.7734,30.6215,25.1257,0.0,2818,3071.0,2911.0,0.0,13.64,12.86,11.86,0.0,102,710.0,881.0,0.0,many,RT,2
265,1579,5216,0,0,51.5214,8.5998,42.1648,0.0,0.0,1788,2687.0,0.0,0.0,11.96,12.57,0.0,0.0,301,-120.0,0.0,0.0,one,RT,1
265,1167,9862,0,0,33.722,13.4067,19.4659,0.0,0.0,1427,2086.0,0.0,0.0,7.34,11.49,0.0,0.0,10,494.0,0.0,0.0,one,TR,1
265,4661,9772,9228,0,60.9185,11.6812,22.3548,25.7123,0.0,1555,2147.0,2201.0,0.0,5.8,9.13,8.58,0.0,283,519.0,433.0,0.0,many,RT,2
272,538,6841,3147,0,77.2422,18.0168,35.3012,22.458,0.0,1964,2281.0,2501.0,0.0,7.43,11.3,10.36,0.0,179,-72.0,743.0,0.0,many,RT,2
275,31,4472,0,0,30.0889,13.7964,15.395,0.0,0.0,1393,2116.0,0.0,0.0,6.55,11.97,0.0,0.0,5,684.0,0.0,0.0,one,TR,1
275,1282,4706,0,0,29.3831,10.8987,17.7226,0.0,0.0,1045,2224.0,0.0,0.0,4.12,10.62,0.0,0.0,17,726.0,0.0,0.0,one,RT,1
275,4404,8250,0,0,30.3909,9.8043,20.0234,0.0,0.0,1199,2340.0,0.0,0.0,7.52,9.63,0.0,0.0,14,759.0,0.0,0.0,one,RT,1
275,1964,8550,0,0,33.4157,10.2529,22.3926,0.0,0.0,1217,2361.0,0.0,0.0,5.85,10.7,0.0,0.0,93,617.0,0.0,0.0,one,RT,1
275,2519,2450,0,0,28.6801,9.0723,19.1013,0.0,0.0,1231,1935.0,0.0,0.0,8.37,8.07,0.0,0.0,33,547.0,0.0,0.0,one,RT,1
275,3008,6411,2859,0,48.2726,8.2186,23.1956,16.0374,0.0,1292,1652.0,1550.0,0.0,6.18,7.08,7.13,0.0,242,175.0,421.0,0.0,many,RT,2
277,3428,9940,8083,0,60.923,15.1905,21.8046,22.4323,0.0,1866,2036.0,2602.0,0.0,6.13,9.47,12.49,0.0,321,439.0,727.0,0.0,many,RT,2
277,2013,9426,8655,0,64.6324,17.3958,16.6563,29.1203,0.0,1341,1398.0,3600.0,0.0,0.94,7.41,14.19,0.0,71,257.0,1145.0,0.0,many,RT,2
278,1417,3418,0,0,43.8551,13.3359,29.8274,0.0,0.0,2285,2202.0,0.0,0.0,17.77,10.92,0.0,0.0,128,135.0,0.0,0.0,one,RT,1
278,3302,2714,0,0,41.7393,9.109,31.8848,0.0,0.0,2709,2549.0,0.0,0.0,21.74,12.45,0.0,0.0,472,249.0,0.0,0.0,one,TR,1
278,3596,8294,817,0,66.5061,20.0956,24.9173,19.7759,0.0,3259,2318.0,2539.0,0.0,18.76,11.56,11.61,0.0,475,426.0,840.0,0.0,many,TR,2
278,1809,6627,5972,5683,144.2579,36.9307,35.5721,34.6313,34.3312,3640,2752.0,2509.0,4087.0,13.09,12.64,12.59,14.7,179,234.0,84.0,1274.0,many,RT,3
279,572,5242,3036,2234,140.147,13.5762,47.7,48.9358,28.6323,2437,2969.0,2317.0,2852.0,13.87,10.25,9.37,9.41,441,-41.0,-584.0,785.0,many,TR,3
281,2033,2490,0,0,27.6158,8.6623,18.343,0.0,0.0,1156,2219.0,0.0,0.0,6.64,10.1,0.0,0.0,88,717.0,0.0,0.0,one,RT,1
281,592,9902,1097,0,52.0486,12.621,21.943,16.2084,0.0,2468,2333.0,1449.0,0.0,14.43,10.9,7.86,0.0,486,606.0,298.0,0.0,many,RT,2
281,2666,3628,3262,0,60.741,14.3501,20.4531,24.7535,0.0,1102,1756.0,1960.0,0.0,0.91,8.92,9.93,0.0,48,301.0,220.0,0.0,many,TR,2
281,723,8207,505,0,62.0035,17.2488,20.5051,22.7867,0.0,1292,2264.0,2450.0,0.0,0.4,9.58,11.05,0.0,69,678.0,655.0,0.0,many,RT,2
281,3418,8479,5785,0,42.8986,12.9347,17.8434,10.9724,0.0,1429,1991.0,1137.0,0.0,4.67,10.18,7.3,0.0,178,553.0,314.0,0.0,many,RT,2
281,4594,9498,7614,0,74.1687,12.5573,45.971,14.655,0.0,1111,2217.0,1485.0,0.0,2.8,9.98,7.87,0.0,50,-556.0,398.0,0.0,many,RT,2
284,2512,9676,0,0,49.7429,12.8358,35.796,0.0,0.0,2898,3165.0,0.0,0.0,20.43,15.11,0.0,0.0,491,443.0,0.0,0.0,one,TR,1
284,3416,3996,0,0,49.0719,8.4365,40.1204,0.0,0.0,2656,2948.0,0.0,0.0,23.25,10.15,0.0,0.0,386,297.0,0.0,0.0,one,RT,1
