station,driver,rider1,rider2,rider3,VMT,save_d,save_r1,save_r2,save_r3,T_d,T_r1,T_r2,T_r3,cost_d,cost_r1,cost_r2,cost_r3,detour_d,detour_r1,detour_r2,detour_r3,size,type,num_riders
180,8,6572,0,0,49.8814,16.5021,31.9728,0.0,0.0,1883,3725.0,0.0,0.0,7.11,18.07,0.0,0.0,213,935.0,0.0,0.0,one,TR,1
195,4108,8721,4209,0,76.1407,15.4481,33.3907,25.9026,0.0,1127,2435.0,2213.0,0.0,-0.76,10.72,10.28,0.0,98,168.0,355.0,0.0,many,RT,2
0,14,7189,0,0,33.638,17.6668,14.6502,0.0,0.0,1806,1297.0,0.0,0.0,7.07,13.21,0.0,0.0,93,0.0,0.0,0.0,one,SR,1
0,47,4265,3549,0,45.6717,18.8988,11.7253,13.3784,0.0,1084,827.0,993.0,0.0,-3.64,7.93,8.76,0.0,34,0.0,19.0,0.0,many,SR,2
25,55,6433,642,0,91.7019,18.495,34.7949,36.7847,0.0,1062,2785.0,3458.0,0.0,-3.49,13.03,13.25,0.0,31,279.0,720.0,0.0,many,RT,2
0,4152,8011,0,0,58.8589,29.5665,26.9851,0.0,0.0,3368,2568.0,0.0,0.0,14.6,23.07,0.0,0.0,278,0.0,0.0,0.0,one,SR,1
0,62,9809,0,0,30.4751,13.6102,15.4866,0.0,0.0,1659,1378.0,0.0,0.0,5.02,13.78,0.0,0.0,303,0.0,0.0,0.0,one,SR,1
0,76,5551,4262,135,89.1081,33.7996,12.7209,16.5786,22.7002,2131,943.0,1393.0,2131.0,-7.4,8.46,10.49,14.14,258,23.0,114.0,258.0,many,SR,3
0,90,7965,3445,0,47.0523,19.6426,12.7928,12.9086,0.0,1421,919.0,1021.0,0.0,-0.45,8.45,8.64,0.0,88,1.0,69.0,0.0,many,SR,2
0,4198,5774,2989,0,55.2822,21.2173,16.1198,15.9448,0.0,1752,1200.0,1185.0,0.0,0.39,10.04,9.96,0.0,217,0.0,0.0,0.0,many,SR,2
0,104,3044,703,0,41.3778,17.4331,11.2044,11.2044,0.0,1512,783.0,783.0,0.0,2.05,7.68,7.68,0.0,143,0.0,0.0,0.0,many,SR,2
0,4244,7703,2711,0,47.5777,19.5491,13.1187,13.184,0.0,1161,962.0,952.0,0.0,-3.34,8.63,8.63,0.0,44,12.0,1.0,0.0,many,SR,2
0,153,5706,527,0,43.7702,16.24,12.9149,12.9149,0.0,1246,928.0,928.0,0.0,-2.22,8.5,8.5,0.0,226,0.0,0.0,0.0,many,SR,2
0,4281,5696,5695,0,43.8965,17.6521,12.3015,12.3015,0.0,1116,876.0,876.0,0.0,-3.05,8.21,8.21,0.0,94,0.0,0.0,0.0,many,SR,2
0,4288,4055,0,0,32.649,15.8635,15.4129,0.0,0.0,1809,1370.0,0.0,0.0,6.64,13.73,0.0,0.0,214,0.0,0.0,0.0,one,SR,1
0,4317,3899,0,0,33.7381,17.3745,15.0179,0.0,0.0,1609,1332.0,0.0,0.0,4.78,13.46,0.0,0.0,77,0.0,0.0,0.0,one,SR,1
227,4320,847,0,0,26.6282,11.4116,14.3608,0.0,0.0,1336,1614.0,0.0,0.0,6.33,10.56,0.0,0.0,99,392.0,0.0,0.0,one,RT,1
0,4349,465,0,0,76.6869,41.1774,32.7341,0.0,0.0,4466,3165.0,0.0,0.0,21.91,27.75,0.0,0.0,128,0.0,0.0,0.0,one,SR,1
0,4361,3971,1423,0,59.4775,23.9577,20.4768,12.9446,0.0,1705,1688.0,931.0,0.0,-0.98,12.46,8.52,0.0,108,81.0,0.0,0.0,many,SR,2
0,319,6014,1068,0,58.6056,21.802,16.9469,17.6869,0.0,1580,1580.0,1333.0,0.0,-2.94,10.9,10.8,0.0,229,229.0,0.0,0.0,many,SR,2
262,4419,1115,0,0,34.4062,11.1967,22.177,0.0,0.0,1500,2267.0,0.0,0.0,6.46,13.33,0.0,0.0,231,430.0,0.0,0.0,one,RT,1
265,4435,5952,0,0,28.6124,12.1631,15.5136,0.0,0.0,1082,1574.0,0.0,0.0,2.94,12.36,0.0,0.0,41,223.0,0.0,0.0,one,TR,1
0,347,284,0,0,42.0674,21.4613,18.9526,0.0,0.0,2043,1734.0,0.0,0.0,6.57,16.53,0.0,0.0,103,0.0,0.0,0.0,one,SR,1
0,4450,5640,0,0,48.3462,26.0999,20.4697,0.0,0.0,2606,1891.0,0.0,0.0,11.37,17.77,0.0,0.0,40,0.0,0.0,0.0,one,SR,1
0,365,2794,0,0,46.4749,21.7452,22.7666,0.0,0.0,2744,2129.0,0.0,0.0,11.14,19.63,0.0,0.0,391,0.0,0.0,0.0,one,SR,1
0,376,7319,7318,793,80.6732,31.2989,14.6433,14.6433,17.16,1331,1075.0,1075.0,1331.0,-12.37,9.34,9.34,10.61,32,0.0,0.0,32.0,many,SR,3
160,377,5078,4389,3176,121.6135,23.6462,26.3347,30.1629,39.0717,1456,2175.0,3072.0,3197.0,-6.29,11.06,11.9,12.03,213,268.0,777.0,460.0,many,RT,3
0,395,5075,1895,357,89.2124,32.6237,17.5845,18.0599,17.6323,1634,1324.0,1584.0,1530.0,-12.65,10.75,11.3,11.07,212,0.0,162.0,149.0,many,SR,3
68,418,9676,8367,0,101.3568,28.2971,35.7924,35.1462,0.0,2982,3287.0,3954.0,0.0,12.22,14.61,15.61,0.0,171,565.0,1087.0,0.0,many,TR,2
0,4518,9294,9147,1089,75.5265,27.6248,13.1646,15.8962,15.9076,1527,1006.0,1461.0,1408.0,-10.37,8.71,10.35,10.28,273,42.0,207.0,167.0,many,SR,3
124,424,9940,9292,0,56.629,15.5843,20.3676,19.1207,0.0,1463,2106.0,2392.0,0.0,1.35,10.61,10.95,0.0,240,509.0,782.0,0.0,many,RT,2
0,4524,2979,0,0,24.5048,13.845,9.6768,0.0,0.0,1326,819.0,0.0,0.0,5.08,9.83,0.0,0.0,28,0.0,0.0,0.0,one,SR,1
0,4537,7059,3719,1919,84.2298,32.375,16.2732,16.2732,16.2732,1213,1213.0,1213.0,1213.0,-14.58,10.12,10.12,10.12,0,0.0,0.0,0.0,many,SR,3
0,4541,964,0,0,29.9291,15.37,13.3279,0.0,0.0,1335,1170.0,0.0,0.0,2.94,12.31,0.0,0.0,68,0.0,0.0,0.0,one,SR,1
0,4545,5394,4384,0,51.4883,19.1041,15.0789,15.3606,0.0,1337,1265.0,1135.0,0.0,-3.46,9.77,9.68,0.0,211,113.0,0.0,0.0,many,SR,2
0,4554,9191,745,743,72.3963,28.7028,16.2904,12.3685,12.3685,1251,1251.0,882.0,882.0,-10.86,10.18,8.24,8.24,27,27.0,0.0,0.0,many,SR,3
0,4565,4836,2169,0,80.4173,27.8821,24.7142,24.8695,0.0,2710,2011.0,1971.0,0.0,1.89,14.76,14.76,0.0,530,40.0,0.0,0.0,many,SR,2
72,4566,8423,2087,0,43.3784,12.1933,12.6792,17.4763,0.0,1176,1088.0,1476.0,0.0,3.08,7.16,8.14,0.0,105,202.0,248.0,0.0,many,RT,2
39,4585,9066,4838,4766,90.1587,23.3178,22.8072,20.7518,21.0869,1622,2369.0,2437.0,2157.0,-2.72,10.26,11.42,10.27,170,625.0,721.0,533.0,many,RT,3
0,496,8793,6520,0,46.3247,18.1584,13.5679,12.8515,0.0,1171,984.0,1041.0,0.0,-3.43,8.82,8.65,0.0,130,0.0,87.0,0.0,many,SR,2
0,505,8570,0,0,23.4698,12.9877,9.5104,0.0,0.0,1185,803.0,0.0,0.0,3.7,9.72,0.0,0.0,37,0.0,0.0,0.0,one,SR,1
0,516,3165,3164,0,44.6592,17.1195,12.9191,12.9191,0.0,1342,929.0,929.0,0.0,-1.22,8.51,8.51,0.0,201,0.0,0.0,0.0,many,SR,2
78,525,17,0,0,26.328,6.9029,18.8578,0.0,0.0,1193,1308.0,0.0,0.0,7.42,8.67,0.0,0.0,169,24.0,0.0,0.0,one,RT,1
0,4686,3729,0,0,43.3922,22.435,19.2779,0.0,0.0,2023,1767.0,0.0,0.0,6.13,16.79,0.0,0.0,59,0.0,0.0,0.0,one,SR,1
0,4695,3812,0,0,69.5973,33.0098,33.7313,0.0,0.0,4090,3268.0,0.0,0.0,17.24,28.56,0.0,0.0,517,0.0,0.0,0.0,one,SR,1
0,4709,453,0,0,24.8025,12.7972,10.9367,0.0,0.0,1138,940.0,0.0,0.0,2.33,10.69,0.0,0.0,83,0.0,0.0,0.0,one,SR,1
1,630,5995,945,0,57.3766,13.7959,32.0719,10.4174,0.0,1368,2856.0,1168.0,0.0,4.54,10.5,7.42,0.0,92,579.0,359.0,0.0,many,TR,2
0,661,6016,0,0,24.6133,11.5291,11.947,0.0,0.0,1231,1037.0,0.0,0.0,2.69,11.37,0.0,0.0,204,0.0,0.0,0.0,one,SR,1
0,693,7354,0,0,25.5746,13.9155,10.6125,0.0,0.0,1696,909.0,0.0,0.0,8.39,10.47,0.0,0.0,137,0.0,0.0,0.0,one,SR,1
51,738,87,0,0,29.9797,12.7347,16.3913,0.0,0.0,1339,2076.0,0.0,0.0,6.38,11.54,0.0,0.0,28,626.0,0.0,0.0,one,TR,1
0,742,1723,0,0,65.5968,35.5576,27.6762,0.0,0.0,3669,2639.0,0.0,0.0,17.26,23.63,0.0,0.0,53,0.0,0.0,0.0,one,SR,1
191,4848,8514,0,0,26.5112,10.3555,15.3776,0.0,0.0,1165,2027.0,0.0,0.0,5.23,10.78,0.0,0.0,80,668.0,0.0,0.0,one,TR,1
0,4857,8756,4714,0,48.845,22.3841,12.4115,12.3978,0.0,1812,887.0,884.0,0.0,4.16,8.26,8.25,0.0,2,1.0,0.0,0.0,many,SR,2
0,769,3712,0,0,37.88,16.317,19.8382,0.0,0.0,2075,1825.0,0.0,0.0,6.26,17.25,0.0,0.0,417,0.0,0.0,0.0,one,SR,1
0,4868,9385,0,0,28.0369,15.3248,11.5983,0.0,0.0,1271,1004.0,0.0,0.0,3.32,11.14,0.0,0.0,0,0.0,0.0,0.0,one,SR,1
0,4904,9850,4647,0,69.8151,29.6197,26.1483,11.704,0.0,2102,2102.0,826.0,0.0,0.98,15.51,7.92,0.0,12,12.0,0.0,0.0,many,SR,2
72,810,3299,3146,0,64.2661,20.7552,20.4081,21.5748,0.0,2082,1896.0,2556.0,0.0,8.11,10.65,10.63,0.0,89,336.0,816.0,0.0,many,TR,2
0,823,1576,1021,1020,77.8662,31.9508,21.5532,10.7877,10.7877,1685,1685.0,748.0,748.0,-7.39,12.91,7.48,7.48,8,8.0,0.0,0.0,many,SR,3
0,827,562,561,0,73.7124,30.9555,20.1686,20.1686,0.0,2889,1549.0,1549.0,0.0,8.56,12.1,12.1,0.0,152,0.0,0.0,0.0,many,SR,2
0,4942,1622,747,0,49.6705,22.1307,12.7725,13.063,0.0,1832,934.0,947.0,0.0,3.9,8.46,8.58,0.0,45,13.0,5.0,0.0,many,SR,2
0,4945,3393,3392,0,48.5937,19.8975,13.4712,13.4712,0.0,2066,975.0,975.0,0.0,5.91,8.77,8.77,0.0,239,0.0,0.0,0.0,many,SR,2
0,4958,8714,4465,0,50.2171,20.1075,13.5637,14.7253,0.0,1417,983.0,1095.0,0.0,-1.51,8.81,9.39,0.0,116,0.0,10.0,0.0,many,SR,2
0,875,1364,0,0,28.6667,15.8211,11.724,0.0,0.0,1640,1015.0,0.0,0.0,7.13,11.22,0.0,0.0,59,0.0,0.0,0.0,one,SR,1
0,4971,8141,5141,1671,76.4564,28.3108,16.6173,16.5774,12.055,1406,1251.0,1252.0,1053.0,-11.3,10.29,10.28,8.38,192,7.0,10.0,146.0,many,SR,3
0,889,8583,1694,474,100.3991,39.0302,14.2775,23.0158,20.5499,1828,1065.0,1828.0,1584.0,-12.54,9.19,13.75,12.32,17,16.0,17.0,0.0,many,SR,3
0,950,6987,0,0,21.1475,11.3315,8.8866,0.0,0.0,1150,743.0,0.0,0.0,3.71,9.29,0.0,0.0,97,0.0,0.0,0.0,one,SR,1
0,957,8377,7086,5165,73.4117,28.9114,14.7095,15.9295,11.1474,1251,1106.0,1236.0,814.0,-11.29,9.4,10.03,7.71,39,19.0,39.0,26.0,many,SR,3
0,1051,8149,2060,0,45.4841,19.4668,11.9259,12.4512,0.0,1710,844.0,955.0,0.0,3.19,8.03,8.38,0.0,129,0.0,49.0,0.0,many,SR,2
0,1081,5869,0,0,41.4978,21.558,18.3365,0.0,0.0,1781,1670.0,0.0,0.0,4.27,16.03,0.0,0.0,16,0.0,0.0,0.0,one,SR,1
260,1103,7350,267,0,44.2659,13.1305,13.5679,16.5174,0.0,1135,1095.0,1559.0,0.0,2.47,7.0,8.5,0.0,56,174.0,343.0,0.0,many,TR,2
0,1107,4882,2615,0,59.061,21.9501,17.6951,17.2307,0.0,1894,1567.0,1383.0,0.0,0.22,11.14,10.71,0.0,298,173.0,66.0,0.0,many,SR,2
0,1111,848,0,0,21.7892,12.1414,8.7298,0.0,0.0,1269,727.0,0.0,0.0,5.06,9.18,0.0,0.0,75,0.0,0.0,0.0,one,SR,1
0,1124,2190,1053,48,97.695,38.0719,23.6956,17.7985,14.6844,1939,1939.0,1356.0,1080.0,-10.64,14.22,10.87,9.36,54,54.0,10.0,1.0,many,SR,3
0,1159,3209,0,0,27.8212,13.9544,12.6795,0.0,0.0,1430,1108.0,0.0,0.0,4.33,11.87,0.0,0.0,143,0.0,0.0,0.0,one,SR,1
260,1171,9971,4733,1966,71.3877,18.5144,18.1802,19.8538,13.2594,1636,1620.0,2364.0,927.0,2.96,7.08,10.49,6.23,134,381.0,747.0,88.0,many,RT,3
0,1176,9288,716,0,50.6125,20.0453,13.2636,15.444,0.0,1660,1044.0,1197.0,0.0,0.69,8.8,9.8,0.0,192,64.0,40.0,0.0,many,SR,2
88,1195,208,207,0,75.56,18.8011,27.5803,27.5803,0.0,1796,2438.0,2438.0,0.0,4.47,10.99,10.99,0.0,163,426.0,426.0,0.0,many,TR,2
0,1203,5555,2826,0,50.166,21.014,13.6071,13.7686,0.0,1277,987.0,1010.0,0.0,-2.58,8.84,8.93,0.0,16,0.0,7.0,0.0,many,SR,2
0,1204,4935,4804,0,64.5888,24.9983,20.7338,16.5286,0.0,2145,1935.0,1268.0,0.0,1.57,12.99,10.29,0.0,260,244.0,25.0,0.0,many,SR,2
0,1219,8502,2758,0,45.9098,17.64,14.4782,12.0305,0.0,1703,1251.0,852.0,0.0,2.03,9.53,8.08,0.0,282,141.0,-1.0,0.0,many,SR,2
0,1296,7268,4158,2496,116.8671,42.1664,23.4112,24.472,22.5344,2133,2033.0,1950.0,2099.0,-16.15,14.26,14.56,14.01,280,141.0,11.0,246.0,many,SR,3
86,1301,3070,876,0,91.2272,24.23,29.3181,35.9549,0.0,2334,2776.0,2566.0,0.0,8.99,11.62,12.63,0.0,54,590.0,67.0,0.0,many,TR,2
0,1309,7888,526,0,56.8399,22.5872,14.3602,17.8763,0.0,1631,1051.0,1400.0,0.0,-1.02,9.2,10.96,0.0,125,0.0,38.0,0.0,many,SR,2
0,1350,6550,4551,4550,71.5685,30.4218,12.8594,12.8715,12.8715,2148,928.0,924.0,924.0,-0.34,8.48,8.48,8.48,76,3.0,0.0,0.0,many,SR,3
78,1358,7508,4288,0,63.4364,14.9357,14.5082,32.7151,0.0,1470,1819.0,2223.0,0.0,3.94,9.39,10.39,0.0,143,605.0,43.0,0.0,many,TR,2
262,1365,4842,1454,0,70.0011,19.2073,29.308,19.9585,0.0,1532,2356.0,1857.0,0.0,2.34,11.27,10.0,0.0,49,267.0,355.0,0.0,many,RT,2
0,1377,3621,0,0,59.9452,28.7373,28.7564,0.0,0.0,3155,2752.0,0.0,0.0,11.06,24.52,0.0,0.0,344,0.0,0.0,0.0,one,SR,1
0,1384,7956,988,0,60.6637,23.6626,18.6093,16.2572,0.0,1510,1410.0,1211.0,0.0,-3.36,11.24,10.11,0.0,98,-1.0,0.0,0.0,many,SR,2
0,1389,5836,0,0,27.9182,13.3534,13.3336,0.0,0.0,1399,1170.0,0.0,0.0,3.61,12.31,0.0,0.0,189,0.0,0.0,0.0,one,SR,1
0,1400,8574,0,0,31.8833,15.8011,14.7541,0.0,0.0,1787,1307.0,0.0,0.0,6.81,13.28,0.0,0.0,191,0.0,0.0,0.0,one,SR,1
0,1406,4451,3585,2044,62.2152,24.525,11.696,11.7751,11.8284,1653,825.0,850.0,855.0,-4.16,7.92,7.98,8.01,206,0.0,14.0,14.0,many,SR,3
0,1412,2386,0,0,24.2107,13.0307,10.1645,0.0,0.0,1167,865.0,0.0,0.0,3.11,10.16,0.0,0.0,52,0.0,0.0,0.0,one,SR,1
0,1416,9071,5175,2793,74.6242,28.808,12.8007,12.7184,17.5027,1505,918.0,981.0,1505.0,-9.35,8.45,8.51,10.99,139,0.0,51.0,139.0,many,SR,3
0,1459,5576,0,0,23.1072,10.7872,11.2316,0.0,0.0,1327,968.0,0.0,0.0,4.14,10.88,0.0,0.0,241,0.0,0.0,0.0,one,SR,1
0,1463,8285,2881,0,134.6398,54.9029,31.2663,44.0751,0.0,3694,2543.0,3694.0,0.0,-0.77,18.36,25.59,0.0,3,0.0,3.0,0.0,many,SR,2
0,1493,8498,0,0,23.9354,11.6024,11.2439,0.0,0.0,1334,969.0,0.0,0.0,4.21,10.89,0.0,0.0,200,0.0,0.0,0.0,one,SR,1
0,1540,6051,0,0,24.0229,12.8781,10.1314,0.0,0.0,1304,862.0,0.0,0.0,4.57,10.13,0.0,0.0,89,0.0,0.0,0.0,one,SR,1
0,1549,5264,0,0,23.6087,13.2154,9.4272,0.0,0.0,1232,795.0,0.0,0.0,4.24,9.66,0.0,0.0,33,0.0,0.0,0.0,one,SR,1
79,1560,6888,1746,1745,97.3555,13.4676,25.9265,28.3141,28.3141,1341,2134.0,2052.0,2052.0,2.08,8.33,8.5,8.5,219,380.0,196.0,196.0,many,RT,3
0,1597,7687,6273,1265,82.1715,30.8818,12.9823,22.223,12.9739,2188,933.0,2188.0,933.0,-5.02,8.54,14.04,8.53,331,-1.0,331.0,0.0,many,SR,3
0,1601,8969,0,0,36.4172,18.5283,16.4401,0.0,0.0,1827,1473.0,0.0,0.0,6.14,14.49,0.0,0.0,113,0.0,0.0,0.0,one,SR,1
0,1614,3377,2402,1122,101.7285,40.1506,16.7823,16.6939,24.5072,3159,1256.0,1293.0,2316.0,0.82,10.36,10.38,15.2,285,0.0,33.0,275.0,many,SR,3
0,1668,2262,73,0,78.8421,31.1012,30.6344,14.3739,0.0,2690,2553.0,1052.0,0.0,3.65,18.12,9.2,0.0,250,48.0,0.0,0.0,many,SR,2
0,1725,2754,2753,0,116.3061,39.5466,36.2614,36.2614,0.0,4361,2991.0,2991.0,0.0,7.66,21.18,21.18,0.0,890,0.0,0.0,0.0,many,SR,2
0,1737,2043,0,0,25.487,13.3964,11.017,0.0,0.0,1568,947.0,0.0,0.0,6.8,10.74,0.0,0.0,149,0.0,0.0,0.0,one,SR,1
0,1740,862,0,0,37.0497,19.0529,16.5401,0.0,0.0,1655,1483.0,0.0,0.0,4.27,14.57,0.0,0.0,51,0.0,0.0,0.0,one,SR,1
0,1765,2099,407,0,50.7351,20.3288,13.7033,14.8405,0.0,1627,1018.0,1281.0,0.0,0.32,8.92,9.71,0.0,171,17.0,140.0,0.0,many,SR,2
0,1787,8773,0,0,58.3086,27.1281,28.7313,0.0,0.0,3189,2749.0,0.0,0.0,11.44,24.49,0.0,0.0,436,0.0,0.0,0.0,one,SR,1
52,1823,8217,5791,3084,68.3372,20.6906,14.0108,10.586,21.2715,1796,1608.0,1123.0,2384.0,2.85,8.26,8.03,10.49,149,509.0,287.0,697.0,many,RT,3
0,1826,6509,6508,0,39.9748,16.0757,11.1827,11.1827,0.0,1535,781.0,781.0,0.0,2.31,7.67,7.67,0.0,219,0.0,0.0,0.0,many,SR,2
0,1830,41,0,0,27.6795,15.4576,11.1399,0.0,0.0,1479,959.0,0.0,0.0,5.79,10.82,0.0,0.0,24,0.0,0.0,0.0,one,SR,1
203,1834,8341,8340,6606,135.0635,30.8708,36.6023,36.6023,28.1371,1678,2630.0,2630.0,2429.0,-8.04,14.06,14.06,11.39,95,22.0,22.0,375.0,many,TR,3
0,1866,2271,0,0,22.2213,12.6179,8.6882,0.0,0.0,1119,723.0,0.0,0.0,3.51,9.15,0.0,0.0,15,0.0,0.0,0.0,one,SR,1
68,1874,8920,8444,0,128.6859,31.0535,38.3572,57.2914,0.0,3216,2595.0,4599.0,0.0,15.91,13.92,14.91,0.0,11,-81.0,616.0,0.0,many,RT,2
197,1903,8916,8578,6841,113.3462,29.5912,24.207,23.5076,33.3527,1701,2764.0,2990.0,2320.0,-6.33,11.65,12.14,13.09,90,815.0,1007.0,-33.0,many,RT,3
0,1921,3104,0,0,68.0139,32.584,32.6609,0.0,0.0,3520,3157.0,0.0,0.0,12.04,27.69,0.0,0.0,372,0.0,0.0,0.0,one,SR,1
0,1932,1173,1172,0,80.116,32.2668,22.5787,22.5787,0.0,2716,1765.0,1765.0,0.0,4.29,13.46,13.46,0.0,174,0.0,0.0,0.0,many,SR,2
0,1955,5557,5556,3820,93.6198,34.1658,16.8356,16.8356,22.2946,2209,1261.0,1261.0,2209.0,-8.2,10.39,10.39,14.1,342,0.0,0.0,342.0,many,SR,3
0,1977,9651,7557,2986,65.5292,25.2594,11.6074,11.6074,14.5233,1267,817.0,817.0,1267.0,-9.48,7.87,7.87,9.57,149,0.0,0.0,150.0,many,SR,3
0,1978,3783,3711,0,54.9567,21.859,19.392,11.7154,0.0,1701,1665.0,826.0,0.0,-0.05,11.98,7.92,0.0,167,135.0,0.0,0.0,many,SR,2
210,1988,8489,4864,2594,89.2969,14.0343,33.8402,21.33,18.8413,1421,1762.0,1629.0,1524.0,3.66,8.18,7.16,7.16,167,-279.0,239.0,269.0,many,TR,3
0,1991,6706,0,0,51.3035,27.0963,22.2833,0.0,0.0,2419,2079.0,0.0,0.0,8.08,19.24,0.0,0.0,16,0.0,0.0,0.0,one,SR,1
278,2007,574,327,0,86.1404,22.9646,32.0062,29.1142,0.0,1781,3912.0,3723.0,0.0,0.2,16.26,15.29,0.0,157,1168.0,1194.0,0.0,many,RT,2
78,2026,4087,460,0,53.5246,16.5912,22.134,13.552,0.0,1313,2133.0,1704.0,0.0,2.56,9.28,9.19,0.0,6,511.0,565.0,0.0,many,RT,2
0,2103,7358,4771,316,61.9316,24.6174,11.5446,11.5446,11.857,1607,812.0,812.0,838.0,-4.44,7.84,7.84,7.99,180,0.0,0.0,0.0,many,SR,3
0,2105,5510,5509,0,69.1547,28.0295,19.3962,19.3962,0.0,2474,1480.0,1480.0,0.0,4.98,11.66,11.66,0.0,174,0.0,0.0,0.0,many,SR,2
0,2122,3915,1947,0,50.5616,21.6467,13.5755,13.5755,0.0,1565,984.0,984.0,0.0,0.56,8.82,8.82,0.0,40,0.0,0.0,0.0,many,SR,2
0,2204,6609,2163,0,101.7828,36.1441,22.7257,39.2703,0.0,4199,1778.0,3262.0,0.0,11.31,13.54,22.88,0.0,751,0.0,1.0,0.0,many,SR,2
0,2237,6140,2723,24,87.0818,32.591,17.449,16.4075,17.4509,1610,1313.0,1414.0,1313.0,-11.74,10.68,10.46,10.68,147,0.0,140.0,0.0,many,SR,3
0,2303,6894,6893,0,80.9778,32.1962,23.0196,23.0196,0.0,2336,1805.0,1805.0,0.0,-0.15,13.71,13.71,0.0,118,0.0,0.0,0.0,many,SR,2
0,2309,5674,2015,0,69.9508,31.3168,14.3953,21.9826,0.0,3391,1064.0,1834.0,0.0,15.3,9.23,13.33,0.0,166,8.0,89.0,0.0,many,SR,2
0,2343,3937,0,0,25.4722,13.6742,10.7429,0.0,0.0,1237,921.0,0.0,0.0,3.49,10.55,0.0,0.0,52,0.0,0.0,0.0,one,SR,1
0,2451,5209,376,0,51.3304,22.444,13.5618,13.5618,0.0,1642,983.0,983.0,0.0,1.38,8.81,8.81,0.0,14,0.0,0.0,0.0,many,SR,2
257,2475,4000,2971,0,73.9462,18.1746,34.4181,19.6775,0.0,1160,2814.0,2467.0,0.0,-2.9,12.67,11.09,0.0,93,336.0,810.0,0.0,many,TR,2
0,2533,8038,4942,0,48.4787,20.0982,11.2676,15.3684,0.0,1171,789.0,1171.0,0.0,-3.41,7.71,9.73,0.0,26,0.0,26.0,0.0,many,SR,2
21,2595,8596,0,0,41.1771,8.9239,31.3755,0.0,0.0,1347,2626.0,0.0,0.0,6.24,12.78,0.0,0.0,244,320.0,0.0,0.0,one,RT,1
0,2610,7707,5735,0,50.3592,18.381,15.3747,14.6836,0.0,1394,1137.0,1185.0,0.0,-2.64,9.69,9.51,0.0,250,0.0,79.0,0.0,many,SR,2
0,2675,4166,2109,714,62.7304,25.1557,10.7546,13.9608,10.4772,1127,744.0,1029.0,722.0,-9.61,7.46,9.02,7.33,52,-1.0,9.0,0.0,many,SR,3
0,2697,6739,2287,0,51.9423,22.3213,13.9614,13.8628,0.0,1538,1016.0,1009.0,0.0,-0.02,9.01,8.96,0.0,14,-1.0,0.0,0.0,many,SR,2
0,2724,5554,0,0,23.0598,13.1772,8.949,0.0,0.0,1145,749.0,0.0,0.0,3.62,9.34,0.0,0.0,0,0.0,0.0,0.0,one,SR,1
0,2782,2238,1916,0,50.7835,20.4307,14.801,13.717,0.0,1134,1098.0,1019.0,0.0,-4.61,9.43,8.92,0.0,43,7.0,17.0,0.0,many,SR,2
0,2792,1927,1926,1501,68.3328,28.1348,12.5671,12.5671,12.5626,1453,899.0,899.0,901.0,-7.25,8.34,8.34,8.34,23,0.0,0.0,2.0,many,SR,3
25,2823,4850,4601,0,62.3976,16.412,18.1536,26.3556,0.0,1568,1351.0,3544.0,0.0,3.18,9.09,12.67,0.0,181,72.0,1298.0,0.0,many,TR,2
270,2841,9220,0,0,40.9046,12.3552,27.7225,0.0,0.0,1509,2805.0,0.0,0.0,8.4,12.27,0.0,0.0,73,657.0,0.0,0.0,one,RT,1
0,2874,6816,67,0,67.6578,27.7792,18.8056,18.8056,0.0,1959,1428.0,1428.0,0.0,0.16,11.34,11.34,0.0,42,0.0,0.0,0.0,many,SR,2
0,2894,5760,3359,820,80.4524,31.8664,20.4719,12.6002,12.6002,1674,1674.0,901.0,901.0,-8.65,12.44,8.35,8.35,71,71.0,0.0,0.0,many,SR,3
0,2901,4012,0,0,60.8654,32.6793,25.9626,0.0,0.0,3862,2461.0,0.0,0.0,20.54,22.23,0.0,0.0,182,0.0,0.0,0.0,one,SR,1
0,2975,5637,5634,0,40.2491,17.0709,10.8387,10.8387,0.0,1324,752.0,752.0,0.0,0.4,7.5,7.5,0.0,104,0.0,0.0,0.0,many,SR,2
0,2991,7186,4884,0,40.5798,16.857,11.0628,11.1336,0.0,1366,771.0,779.0,0.0,0.61,7.61,7.65,0.0,137,0.0,1.0,0.0,many,SR,2
0,3042,5102,2811,0,46.9451,18.117,13.4915,13.5755,0.0,1434,985.0,984.0,0.0,-0.79,8.79,8.82,0.0,197,6.0,0.0,0.0,many,SR,2
0,3060,4462,74,0,46.9635,18.1289,13.8118,13.2447,0.0,1277,1003.0,1083.0,0.0,-2.59,8.93,8.85,0.0,170,-1.0,94.0,0.0,many,SR,2
0,3089,2478,0,0,25.5321,14.03,10.466,0.0,0.0,1720,894.0,0.0,0.0,8.74,10.36,0.0,0.0,131,0.0,0.0,0.0,one,SR,1
0,3092,9038,0,0,28.4097,14.3243,12.8846,0.0,0.0,1222,1127.0,0.0,0.0,2.02,12.01,0.0,0.0,84,0.0,0.0,0.0,one,SR,1
0,3156,9701,3754,0,84.2784,32.3711,24.4993,24.4993,0.0,2372,1937.0,1937.0,0.0,-1.27,14.54,14.54,0.0,196,0.0,0.0,0.0,many,SR,2
0,3157,4895,4324,2003,55.6572,21.6535,10.6241,10.8014,10.3135,1267,815.0,749.0,970.0,-7.08,7.52,7.49,7.64,213,60.0,0.0,194.0,many,SR,3
0,3177,8535,8534,0,64.1698,24.6754,18.6226,18.6226,0.0,1529,1412.0,1412.0,0.0,-4.19,11.25,11.25,0.0,103,0.0,0.0,0.0,many,SR,2
0,3197,4892,4583,0,60.2876,25.152,12.2947,20.7672,0.0,1972,936.0,1605.0,0.0,2.04,8.29,12.45,0.0,92,45.0,1.0,0.0,many,SR,2
0,3278,5649,4930,0,68.8152,28.6921,18.9875,18.8526,0.0,2849,1464.0,1432.0,0.0,9.37,11.47,11.36,0.0,198,15.0,0.0,0.0,many,SR,2
0,3290,8026,0,0,72.5803,34.8638,34.775,0.0,0.0,4077,3377.0,0.0,0.0,16.33,29.42,0.0,0.0,457,0.0,0.0,0.0,one,SR,1
0,3321,5121,0,0,55.2563,29.3293,23.8736,0.0,0.0,3027,2244.0,0.0,0.0,13.3,20.53,0.0,0.0,94,0.0,0.0,0.0,one,SR,1
210,3401,3282,756,0,66.2162,14.2145,29.6322,20.8976,0.0,1817,2391.0,2595.0,0.0,5.83,11.47,10.25,0.0,351,271.0,896.0,0.0,many,RT,2
0,3416,7128,165,0,56.8695,23.9887,15.4672,15.4672,0.0,2474,1145.0,1145.0,0.0,8.46,9.73,9.73,0.0,204,0.0,0.0,0.0,many,SR,2
0,3420,9165,0,0,22.5979,12.223,9.4103,0.0,0.0,1071,793.0,0.0,0.0,2.56,9.65,0.0,0.0,49,0.0,0.0,0.0,one,SR,1
275,3423,1052,0,0,25.9128,8.7418,16.649,0.0,0.0,1068,1895.0,0.0,0.0,6.52,9.22,0.0,0.0,22,575.0,0.0,0.0,one,TR,1
0,3457,2042,0,0,79.7802,39.5803,37.0718,0.0,0.0,4274,3615.0,0.0,0.0,16.72,31.28,0.0,0.0,339,0.0,0.0,0.0,one,SR,1
0,3465,1301,0,0,27.5716,13.8269,12.5651,0.0,0.0,1194,1097.0,0.0,0.0,1.92,11.8,0.0,0.0,94,0.0,0.0,0.0,one,SR,1
0,3466,3348,0,0,24.3335,12.9815,10.3252,0.0,0.0,1492,881.0,0.0,0.0,6.42,10.27,0.0,0.0,132,0.0,0.0,0.0,one,SR,1
0,3479,6943,3665,0,52.5417,19.6131,17.5879,13.3693,0.0,1831,1487.0,967.0,0.0,1.48,10.99,8.72,0.0,306,120.0,0.0,0.0,many,SR,2
0,3501,9526,9489,0,47.5984,18.7106,15.1915,11.924,0.0,1367,1190.0,844.0,0.0,-1.6,9.7,8.03,0.0,156,51.0,0.0,0.0,many,SR,2
114,3524,6656,0,0,67.6646,21.3154,44.8917,0.0,0.0,2365,3396.0,0.0,0.0,11.72,18.57,0.0,0.0,88,49.0,0.0,0.0,one,RT,1
233,3536,9904,9724,5458,82.1499,16.2326,24.0526,20.2471,20.2471,1025,1749.0,2189.0,2189.0,-1.57,7.72,7.49,7.49,20,184.0,726.0,726.0,many,RT,3
0,3547,9226,6284,0,75.8284,28.4078,22.223,22.5258,0.0,2195,1734.0,1774.0,0.0,-1.0,13.26,13.45,0.0,254,0.0,10.0,0.0,many,SR,2
184,3602,9863,4290,0,64.9471,19.0774,23.9352,20.5602,0.0,1667,2376.0,1516.0,0.0,5.13,10.77,9.98,0.0,13,555.0,53.0,0.0,many,TR,2
0,3606,4656,0,0,24.3924,11.5433,11.7268,0.0,0.0,1190,1016.0,0.0,0.0,2.39,11.22,0.0,0.0,187,0.0,0.0,0.0,one,SR,1
262,3624,9224,8088,7936,105.3119,21.1996,27.9732,27.5791,26.4313,1742,2065.0,2309.0,2903.0,-0.87,10.1,11.1,11.1,277,148.0,317.0,850.0,many,TR,3
0,3628,7981,6875,0,64.4491,27.3076,10.9647,23.9804,0.0,2257,763.0,1976.0,0.0,3.93,7.57,14.4,0.0,99,0.0,62.0,0.0,many,SR,2
0,3631,1682,0,0,29.5128,15.8696,12.4707,0.0,0.0,1597,1087.0,0.0,0.0,6.22,11.73,0.0,0.0,71,0.0,0.0,0.0,one,SR,1
0,3660,4221,0,0,47.8289,23.828,22.0927,0.0,0.0,2803,2059.0,0.0,0.0,12.26,19.08,0.0,0.0,267,0.0,0.0,0.0,one,SR,1
15,3747,8787,1893,0,60.7095,18.8887,18.0655,22.4472,0.0,1974,2133.0,2432.0,0.0,8.96,10.56,10.52,0.0,59,640.0,680.0,0.0,many,RT,2
182,3797,8816,8772,4298,77.0585,20.0792,20.5526,12.9115,21.847,1955,2102.0,1456.0,1465.0,5.51,8.61,7.54,8.54,164,590.0,471.0,19.0,many,TR,3
0,3862,6429,0,0,25.5424,12.2009,12.1881,0.0,0.0,1168,1060.0,0.0,0.0,1.88,11.53,0.0,0.0,162,0.0,0.0,0.0,one,SR,1
0,3870,5922,622,0,51.5334,22.1124,13.7171,13.9151,0.0,1586,996.0,1026.0,0.0,0.55,8.89,9.0,0.0,32,0.0,10.0,0.0,many,SR,2
0,3920,9626,0,0,57.1983,26.0282,28.7217,0.0,0.0,4184,2748.0,0.0,0.0,21.9,24.48,0.0,0.0,714,0.0,0.0,0.0,one,SR,1
0,3928,7908,0,0,56.7995,27.5488,26.9466,0.0,0.0,3306,2564.0,0.0,0.0,13.98,23.04,0.0,0.0,370,0.0,0.0,0.0,one,SR,1
0,3964,7974,5432,1405,67.9749,25.4432,12.671,13.9204,13.2531,1318,907.0,1317.0,1218.0,-10.35,8.38,9.44,9.05,225,0.0,224.0,193.0,many,SR,3
0,3976,1996,1163,0,46.963,19.884,12.6946,12.7045,0.0,1440,911.0,910.0,0.0,0.0,8.4,8.4,0.0,66,1.0,0.0,0.0,many,SR,2
0,3979,4432,3523,114,75.618,28.7311,14.258,14.9005,14.9005,1980,1190.0,1096.0,1096.0,-4.66,9.37,9.45,9.45,264,109.0,0.0,0.0,many,SR,3
0,3983,2484,0,0,30.3126,13.5178,15.4214,0.0,0.0,1611,1371.0,0.0,0.0,4.56,13.73,0.0,0.0,295,0.0,0.0,0.0,one,SR,1
140,4004,7219,6194,6193,68.4851,17.5989,12.4383,18.4652,18.4652,1035,1166.0,1602.0,1602.0,-2.79,7.1,8.04,8.04,20,279.0,309.0,309.0,many,RT,3
0,4013,8481,7342,0,45.7545,16.9666,16.114,10.9095,0.0,1621,1244.0,758.0,0.0,1.14,10.11,7.54,0.0,301,33.0,0.0,0.0,many,SR,2
0,4029,4841,0,0,55.0948,28.8877,24.1318,0.0,0.0,2593,2272.0,0.0,0.0,8.55,20.75,0.0,0.0,32,0.0,0.0,0.0,one,SR,1
0,4030,3364,1158,0,36.9467,14.2945,10.6655,10.5103,0.0,1493,737.0,724.0,0.0,2.39,7.42,7.35,0.0,277,0.0,0.0,0.0,many,SR,2
0,4041,6498,6497,3008,95.301,39.3924,17.6185,17.6185,17.4486,3345,1335.0,1335.0,1312.0,6.12,10.78,10.78,10.68,189,6.0,6.0,0.0,many,SR,3
0,4049,8644,7401,3798,79.9604,34.2824,10.5438,10.9044,21.4527,2337,727.0,775.0,1676.0,-0.46,7.36,7.56,12.85,24,0.0,13.0,8.0,many,SR,3
0,4063,9202,0,0,28.2713,16.1106,11.0822,0.0,0.0,1594,954.0,0.0,0.0,7.03,10.78,0.0,0.0,13,0.0,0.0,0.0,one,SR,1
0,4094,7235,7234,0,80.2758,33.6573,21.9961,21.9961,0.0,2412,1713.0,1713.0,0.0,1.69,13.13,13.13,0.0,2,0.0,0.0,0.0,many,SR,2
186,4802,8297,3977,2510,165.1957,27.9871,59.1849,43.3258,32.1967,2195,4739.0,3117.0,2274.0,0.54,14.41,13.51,11.09,195,665.0,130.0,76.0,many,RT,3
0,3772,2324,975,0,128.4759,48.2718,37.8762,37.9067,0.0,4967,3143.0,3138.0,0.0,12.36,22.1,22.11,0.0,649,6.0,0.0,0.0,many,SR,2
42,1610,6599,2902,66,101.0489,24.1279,26.3011,23.6438,24.5713,1622,3114.0,2654.0,2389.0,-4.61,12.59,11.63,11.82,227,957.0,753.0,487.0,many,RT,3
164,3194,3827,1627,1147,98.974,17.949,28.4678,23.4372,27.2436,1948,3091.0,2233.0,3203.0,3.57,10.89,9.93,10.94,375,917.0,501.0,1062.0,many,RT,3
233,510,9275,7028,4235,96.9674,23.2885,27.4656,28.1519,16.1051,1665,2535.0,2307.0,1493.0,-0.12,11.01,9.3,9.25,67,509.0,372.0,274.0,many,RT,3
0,2336,8631,3785,0,88.5757,33.0071,29.3704,23.0923,0.0,2550,2383.0,1811.0,0.0,-1.18,17.31,13.75,0.0,296,7.0,0.0,0.0,many,SR,2
0,4321,6567,710,0,87.8146,30.1178,22.8486,31.6209,0.0,2951,1789.0,2635.0,0.0,1.94,13.61,18.66,0.0,596,0.0,44.0,0.0,many,SR,2
38,111,9449,2209,1422,114.2852,24.6617,27.4874,24.9336,34.7688,1236,3004.0,2336.0,3127.0,-8.93,9.98,12.74,13.61,127,934.0,385.0,529.0,many,RT,3
0,1636,9395,6747,63,82.9248,30.3311,14.8241,15.0688,19.6162,2036,1090.0,1139.0,1533.0,-6.38,9.42,9.58,11.85,314,0.0,21.0,24.0,many,SR,3
0,1220,7649,7648,0,82.6986,30.5082,24.6333,24.6333,0.0,2791,1949.0,1949.0,0.0,2.99,14.62,14.62,0.0,395,0.0,0.0,0.0,many,SR,2
0,1150,7063,483,0,77.3471,28.8032,23.7735,21.9871,0.0,3494,1872.0,2045.0,0.0,11.64,14.13,13.7,0.0,574,0.0,242.0,0.0,many,SR,2
0,189,1253,0,0,76.8953,32.8056,40.6684,0.0,0.0,4645,3989.0,0.0,0.0,17.98,34.21,0.0,0.0,921,0.0,0.0,0.0,one,SR,1
0,3990,6788,5991,2702,74.3121,29.723,17.4617,12.1915,12.1915,2380,1614.0,867.0,867.0,0.29,11.13,8.16,8.16,260,222.0,0.0,0.0,many,SR,3
0,123,6301,553,0,72.5926,32.3914,18.9291,18.9885,0.0,3126,1438.0,1444.0,0.0,12.27,11.4,11.44,0.0,63,0.0,0.0,0.0,many,SR,2
0,4192,9078,5381,0,72.1314,32.1366,22.0752,15.6201,0.0,3074,1729.0,1157.0,0.0,11.58,13.19,9.8,0.0,73,6.0,0.0,0.0,many,SR,2
0,2986,4936,0,0,69.0338,33.0682,33.1558,0.0,0.0,3512,3209.0,0.0,0.0,11.59,28.1,0.0,0.0,364,0.0,0.0,0.0,one,SR,1
0,3251,6752,1878,0,68.3611,25.1267,20.2832,20.4975,0.0,2283,1602.0,1586.0,0.0,1.89,12.24,12.3,0.0,344,31.0,5.0,0.0,many,SR,2
0,1401,273,272,0,68.0892,23.9829,20.8067,20.8067,0.0,2752,1607.0,1607.0,0.0,6.46,12.46,12.46,0.0,527,0.0,0.0,0.0,many,SR,2
0,4504,1135,1134,0,67.221,26.2017,19.3458,19.3458,0.0,2178,1476.0,1476.0,0.0,1.92,11.64,11.64,0.0,203,0.0,0.0,0.0,many,SR,2
0,2558,5963,4989,4272,66.1965,25.5051,11.2398,15.6571,11.2379,1401,786.0,1401.0,786.0,-8.3,7.7,10.17,7.7,178,0.0,178.0,0.0,many,SR,3
277,403,6710,1811,99,64.3435,20.1127,8.6883,20.5139,13.134,1318,1105.0,2322.0,1466.0,-3.21,7.88,12.11,7.95,129,367.0,607.0,450.0,many,RT,3
0,643,6516,1257,0,64.2847,25.8222,18.1488,18.1115,0.0,1660,1372.0,1369.0,0.0,-2.39,11.02,11.0,0.0,49,0.0,0.0,0.0,many,SR,2
0,1940,4435,1566,0,64.0102,28.921,16.5209,16.5209,0.0,3398,1234.0,1234.0,0.0,17.25,10.24,10.24,0.0,195,0.0,0.0,0.0,many,SR,2
0,508,7942,5155,0,63.4323,23.6449,25.468,12.0031,0.0,3126,2027.0,850.0,0.0,11.98,15.1,8.07,0.0,543,2.0,-1.0,0.0,many,SR,2
0,3838,7232,5099,0,62.3055,22.4593,18.7915,18.7896,0.0,2436,1426.0,1426.0,0.0,5.19,11.33,11.33,0.0,429,0.0,0.0,0.0,many,SR,2
0,844,9135,9134,6043,76.5314,31.5432,13.66,13.66,14.9481,2752,991.0,991.0,1101.0,4.42,8.86,8.86,9.48,234,0.0,0.0,0.0,many,SR,3
0,32,8294,2795,0,60.8859,25.0707,22.8677,10.774,0.0,3166,2163.0,747.0,0.0,13.68,14.26,7.48,0.0,408,271.0,0.0,0.0,many,SR,2
0,812,6211,2025,0,60.6892,24.2283,20.4358,13.8921,0.0,2146,1633.0,1011.0,0.0,3.34,12.36,8.97,0.0,208,43.0,0.0,0.0,many,SR,2
234,1615,3511,683,0,59.7742,22.787,14.1921,21.4661,0.0,2931,1505.0,2696.0,0.0,18.81,7.58,11.71,0.0,74,449.0,884.0,0.0,many,TR,2
0,4655,9717,9716,1369,60.5509,25.6027,10.9586,10.9586,10.7714,2100,762.0,762.0,749.0,1.71,7.56,7.56,7.48,185,0.0,0.0,2.0,many,SR,3
0,3619,5263,5262,0,60.2427,26.1255,16.057,16.057,0.0,2621,1195.0,1195.0,0.0,9.49,10.02,10.02,0.0,150,0.0,0.0,0.0,many,SR,2
38,822,9287,9099,0,58.8702,16.1867,21.6375,19.8151,0.0,1297,2644.0,1407.0,0.0,2.54,11.13,7.18,0.0,16,861.0,129.0,0.0,many,TR,2
0,3441,6742,3257,0,58.755,25.4529,15.8032,15.5338,0.0,3028,1173.0,1150.0,0.0,14.11,9.89,9.76,0.0,258,0.0,0.0,0.0,many,SR,2
0,2627,9212,0,0,59.3215,26.8151,29.9577,0.0,0.0,3460,2876.0,0.0,0.0,13.39,25.49,0.0,0.0,560,0.0,0.0,0.0,one,SR,1
0,3610,8989,7777,0,58.5441,22.1344,15.4158,18.883,0.0,1538,1140.0,1450.0,0.0,-2.85,9.7,11.41,0.0,174,0.0,11.0,0.0,many,SR,2
92,881,9471,6514,0,57.1971,14.7077,15.9332,25.4467,0.0,1612,1819.0,2237.0,0.0,6.94,8.35,9.75,0.0,106,587.0,420.0,0.0,many,RT,2
0,3213,2555,2345,0,57.9536,20.8682,16.887,18.0587,0.0,1547,1264.0,1372.0,0.0,-3.01,10.41,10.99,0.0,257,-1.0,6.0,0.0,many,SR,2
0,3234,7566,2744,0,57.4191,22.8609,16.7667,15.7651,0.0,1370,1255.0,1195.0,0.0,-3.85,10.36,9.91,0.0,58,0.0,19.0,0.0,many,SR,2
0,1620,8662,8661,0,57.1111,25.0559,15.0737,15.0737,0.0,2077,1111.0,1111.0,0.0,4.64,9.54,9.54,0.0,41,0.0,0.0,0.0,many,SR,2
0,917,4478,1741,0,56.5387,25.4089,11.7668,17.488,0.0,3127,831.0,1383.0,0.0,15.96,7.95,10.8,0.0,239,0.0,50.0,0.0,many,SR,2
0,3987,4782,3288,0,56.4229,21.5188,16.9433,15.9113,0.0,1876,1349.0,1182.0,0.0,1.25,10.55,9.94,0.0,252,59.0,0.0,0.0,many,SR,2
0,4372,8613,8612,0,56.0237,24.326,14.9028,14.9028,0.0,2459,1097.0,1097.0,0.0,8.79,9.46,9.46,0.0,157,0.0,0.0,0.0,many,SR,2
0,641,9756,2010,0,55.9212,25.1043,14.5322,14.4329,0.0,2527,1069.0,1057.0,0.0,9.87,9.28,9.23,0.0,111,3.0,0.0,0.0,many,SR,2
0,456,9098,971,0,55.7505,21.959,17.9689,13.8149,0.0,1476,1362.0,1142.0,0.0,-2.57,10.94,9.14,0.0,120,4.0,102.0,0.0,many,SR,2
0,3766,6532,1584,0,55.8286,20.438,18.4047,14.8731,0.0,2243,1706.0,1119.0,0.0,4.54,11.65,9.48,0.0,421,229.0,18.0,0.0,many,SR,2
0,1667,6417,371,0,69.9711,25.6374,14.9389,26.7462,0.0,3011,1119.0,2821.0,0.0,7.78,9.51,16.98,0.0,571,14.0,497.0,0.0,many,SR,2
0,709,1327,1326,0,54.8508,23.3795,14.7948,14.7948,0.0,1812,1088.0,1088.0,0.0,2.09,9.41,9.41,0.0,59,0.0,0.0,0.0,many,SR,2
0,2143,8450,2286,0,54.6659,20.6816,15.1544,16.8053,0.0,2077,1118.0,1456.0,0.0,3.59,9.58,10.67,0.0,329,0.0,146.0,0.0,many,SR,2
197,2903,7043,5332,0,53.6042,14.2054,19.3311,19.0448,0.0,1329,1844.0,1833.0,0.0,4.75,9.1,7.12,0.0,29,415.0,511.0,0.0,many,TR,2
0,1981,3701,2814,0,54.3047,23.1502,14.7716,14.5148,0.0,1737,1092.0,1068.0,0.0,1.42,9.4,9.28,0.0,48,5.0,3.0,0.0,many,SR,2
0,3829,2598,82,0,54.1647,24.4362,13.8567,14.0682,0.0,2510,1008.0,1042.0,0.0,10.12,8.96,9.08,0.0,120,0.0,12.0,0.0,many,SR,2
0,1413,5702,2282,0,54.3648,19.4202,14.7042,18.1572,0.0,1774,1080.0,1661.0,0.0,-0.12,9.36,11.47,0.0,357,0.0,212.0,0.0,many,SR,2
0,110,9277,0,0,53.2932,25.0087,26.0532,0.0,0.0,2913,2471.0,0.0,0.0,10.51,22.31,0.0,0.0,383,0.0,0.0,0.0,one,SR,1
0,2443,2769,2767,0,51.9621,22.7866,13.6996,13.6996,0.0,1635,995.0,995.0,0.0,1.18,8.88,8.88,0.0,1,0.0,0.0,0.0,many,SR,2
257,242,8200,0,0,51.2226,16.561,33.6072,0.0,0.0,1801,3233.0,0.0,0.0,9.42,15.54,0.0,0.0,23,579.0,0.0,0.0,one,TR,1
0,3953,9542,9541,0,51.5243,23.0012,13.3887,13.3887,0.0,2222,968.0,968.0,0.0,7.62,8.73,8.73,0.0,105,0.0,0.0,0.0,many,SR,2
0,531,8633,2480,0,51.7567,18.4773,12.9937,18.3046,0.0,2225,935.0,1505.0,0.0,5.53,8.54,11.27,0.0,458,0.0,89.0,0.0,many,SR,2
0,4786,9077,665,0,51.614,20.4007,16.763,12.5769,0.0,1668,1262.0,921.0,0.0,0.65,10.36,8.37,0.0,181,6.0,16.0,0.0,many,SR,2
0,4657,4269,132,0,51.1863,19.3095,14.4389,15.5221,0.0,2149,1056.0,1263.0,0.0,5.32,9.23,9.92,0.0,366,-1.0,84.0,0.0,many,SR,2
277,3738,4068,3261,0,50.2704,14.6733,13.4467,21.1237,0.0,1415,1568.0,1885.0,0.0,5.62,8.49,8.78,0.0,25,493.0,380.0,0.0,many,RT,2
0,2765,5201,5200,0,50.8506,22.5329,13.2905,13.2905,0.0,2374,960.0,960.0,0.0,9.3,8.68,8.68,0.0,159,0.0,0.0,0.0,many,SR,2
0,4480,3488,1556,0,50.7289,21.9856,14.6174,12.3637,0.0,1731,1097.0,898.0,0.0,2.32,9.36,8.26,0.0,58,18.0,12.0,0.0,many,SR,2
0,986,8389,3952,0,49.9108,19.7217,12.7045,15.6198,0.0,2128,910.0,1457.0,0.0,5.56,8.4,10.25,0.0,315,0.0,221.0,0.0,many,SR,2
0,1288,9894,5552,0,72.3378,28.6882,18.6127,22.5631,0.0,2047,1411.0,1789.0,0.0,-0.77,11.24,13.5,0.0,112,0.0,18.0,0.0,many,SR,2
0,2,5319,4961,0,49.4313,19.2671,12.5331,15.7732,0.0,1640,911.0,1413.0,0.0,0.5,8.34,10.24,0.0,228,11.0,179.0,0.0,many,SR,2
0,4440,6692,1887,0,48.7452,21.3517,12.9548,12.7418,0.0,1945,952.0,913.0,0.0,5.15,8.55,8.42,0.0,108,15.0,0.0,0.0,many,SR,2
0,4181,9577,7975,0,48.6755,19.6025,12.7839,14.5071,0.0,1813,993.0,1064.0,0.0,3.0,8.55,9.27,0.0,212,56.0,1.0,0.0,many,SR,2
0,2818,6618,4130,0,48.4808,21.9088,12.5169,12.3978,0.0,2097,900.0,884.0,0.0,7.1,8.32,8.25,0.0,93,4.0,0.0,0.0,many,SR,2
0,3419,3427,0,0,48.9702,21.369,25.4216,0.0,0.0,2807,2405.0,0.0,0.0,9.86,21.8,0.0,0.0,528,0.0,0.0,0.0,one,SR,1
0,1173,2459,1011,0,48.4973,20.5791,13.0999,13.0999,0.0,2527,944.0,944.0,0.0,11.07,8.59,8.59,0.0,288,0.0,0.0,0.0,many,SR,2
0,2383,7195,5638,0,48.6288,18.387,15.9939,12.3945,0.0,1344,1191.0,1084.0,0.0,-2.57,9.99,8.55,0.0,207,1.0,148.0,0.0,many,SR,2
0,2463,7621,6515,0,48.4393,20.9586,11.9099,13.8444,0.0,2263,869.0,1180.0,0.0,8.22,8.06,9.2,0.0,213,19.0,128.0,0.0,many,SR,2
0,673,9104,5765,0,47.9115,19.5905,12.197,14.3822,0.0,1120,881.0,1073.0,0.0,-3.92,8.18,9.24,0.0,40,10.0,15.0,0.0,many,SR,2
0,442,7934,2436,0,47.4772,19.8329,15.5418,10.3965,0.0,2507,1151.0,715.0,0.0,10.97,9.77,7.29,0.0,317,0.0,0.0,0.0,many,SR,2
0,1410,7175,2034,0,47.2703,18.1186,10.7215,16.6255,0.0,2064,795.0,1400.0,0.0,5.43,7.53,10.52,0.0,357,39.0,116.0,0.0,many,SR,2
0,413,8897,0,0,47.2437,24.3955,21.0262,0.0,0.0,2565,1949.0,0.0,0.0,10.53,18.22,0.0,0.0,143,0.0,0.0,0.0,one,SR,1
0,1241,9834,6119,0,47.0949,18.6567,13.6277,13.0568,0.0,2045,1072.0,939.0,0.0,5.69,8.97,8.57,0.0,300,62.0,-1.0,0.0,many,SR,2
0,4365,5741,0,0,46.6916,22.8979,21.9003,0.0,0.0,2572,2040.0,0.0,0.0,9.97,18.93,0.0,0.0,258,0.0,0.0,0.0,one,SR,1
0,1492,4574,3700,0,46.3752,16.6768,13.9631,13.8921,0.0,1594,1323.0,1011.0,0.0,0.15,9.46,8.97,0.0,348,226.0,0.0,0.0,many,SR,2
0,1071,5229,5228,0,46.005,20.9476,11.7352,11.7352,0.0,1950,828.0,828.0,0.0,6.19,7.93,7.93,0.0,78,0.0,0.0,0.0,many,SR,2
0,736,5311,0,0,46.474,20.0474,24.3357,0.0,0.0,2564,2292.0,0.0,0.0,8.1,20.91,0.0,0.0,502,0.0,0.0,0.0,one,SR,1
0,3638,6637,2651,0,46.1607,17.448,11.1105,15.8116,0.0,1507,1023.0,1180.0,0.0,-0.29,8.0,9.9,0.0,263,183.0,5.0,0.0,many,SR,2
0,3302,7603,7602,0,45.8063,19.7598,12.2071,12.2071,0.0,2527,868.0,868.0,0.0,11.84,8.16,8.16,0.0,290,0.0,0.0,0.0,many,SR,2
0,4564,8993,1213,0,45.5939,20.2226,11.8848,11.8848,0.0,2305,841.0,841.0,0.0,9.79,8.01,8.01,0.0,202,0.0,0.0,0.0,many,SR,2
0,2508,6402,4903,0,45.7121,18.1594,11.5248,14.3015,0.0,1224,810.0,1224.0,0.0,-2.69,7.83,9.43,0.0,132,0.0,132.0,0.0,many,SR,2
0,427,6298,4715,0,45.0012,18.1971,12.0321,13.1034,0.0,1156,853.0,956.0,0.0,-2.88,8.08,8.61,0.0,87,0.0,9.0,0.0,many,SR,2
0,1403,6703,127,0,44.8574,16.5975,13.7341,12.7851,0.0,1605,1046.0,917.0,0.0,1.19,8.97,8.44,0.0,306,36.0,0.0,0.0,many,SR,2
0,4475,9797,0,0,44.5605,24.5582,18.3943,0.0,0.0,2550,1676.0,0.0,0.0,12.3,16.08,0.0,0.0,29,0.0,0.0,0.0,one,SR,1
0,235,8907,7976,0,44.2765,20.4555,11.0234,11.2577,0.0,2097,835.0,788.0,0.0,8.16,7.69,7.71,0.0,114,50.0,0.0,0.0,many,SR,2
0,1193,7795,6065,0,44.3726,18.0551,11.416,13.2511,0.0,1409,828.0,969.0,0.0,-0.06,7.82,8.68,0.0,142,20.0,9.0,0.0,many,SR,2
0,58,9803,0,0,44.5202,21.5594,21.1302,0.0,0.0,2268,1960.0,0.0,0.0,7.34,18.31,0.0,0.0,232,0.0,0.0,0.0,one,SR,1
0,980,5921,5164,0,43.9586,18.5509,11.0625,12.739,0.0,1199,774.0,931.0,0.0,-1.87,7.62,8.45,0.0,48,2.0,13.0,0.0,many,SR,2
0,325,6346,6221,0,43.1014,19.2717,10.722,11.5564,0.0,1747,748.0,950.0,0.0,4.38,7.46,8.05,0.0,105,4.0,101.0,0.0,many,SR,2
0,4133,9839,1851,0,42.518,18.9581,11.024,11.0175,0.0,1667,767.0,767.0,0.0,3.84,7.59,7.59,0.0,88,-1.0,0.0,0.0,many,SR,2
0,3978,7373,2166,0,42.0967,18.7569,10.9156,10.9156,0.0,1812,759.0,759.0,0.0,5.45,7.54,7.54,0.0,126,0.0,0.0,0.0,many,SR,2
0,4209,6665,0,0,41.8397,21.0348,19.1373,0.0,0.0,2181,1752.0,0.0,0.0,7.89,16.68,0.0,0.0,163,0.0,0.0,0.0,one,SR,1
0,4748,7251,3035,0,41.4702,18.0238,10.9666,10.9666,0.0,1450,763.0,763.0,0.0,1.61,7.57,7.57,0.0,87,0.0,0.0,0.0,many,SR,2
0,1591,3119,2954,0,41.4683,16.1489,13.1922,10.4909,0.0,1213,1213.0,723.0,0.0,-1.99,9.02,7.34,0.0,193,193.0,0.0,0.0,many,SR,2
0,2680,2349,0,0,41.2538,21.1086,18.527,0.0,0.0,2294,1689.0,0.0,0.0,9.52,16.18,0.0,0.0,160,0.0,0.0,0.0,one,SR,1
0,1234,9530,3905,0,40.9712,17.7647,11.1449,10.5575,0.0,1349,793.0,728.0,0.0,0.63,7.67,7.37,0.0,74,11.0,0.0,0.0,many,SR,2
0,3097,7786,2674,0,40.7682,17.4931,10.8859,10.884,0.0,1750,756.0,756.0,0.0,4.83,7.53,7.53,0.0,178,0.0,0.0,0.0,many,SR,2
0,3827,8009,249,0,40.8087,14.986,13.1858,11.0,0.0,1732,1055.0,766.0,0.0,3.45,8.79,7.58,0.0,370,77.0,0.0,0.0,many,SR,2
0,4155,8700,8699,0,40.6178,17.1258,10.9882,10.9882,0.0,1346,765.0,765.0,0.0,0.49,7.58,7.58,0.0,113,0.0,0.0,0.0,many,SR,2
0,3024,6276,3575,0,40.5284,15.9814,11.8142,11.1402,0.0,1643,1036.0,784.0,0.0,2.92,8.27,7.66,0.0,276,149.0,5.0,0.0,many,SR,2
0,3343,4153,0,0,39.9806,21.468,17.0176,0.0,0.0,2280,1532.0,0.0,0.0,10.48,14.95,0.0,0.0,79,0.0,0.0,0.0,one,SR,1
0,2118,5172,0,0,39.9616,21.5048,16.9656,0.0,0.0,2419,1527.0,0.0,0.0,11.98,14.91,0.0,0.0,106,0.0,0.0,0.0,one,SR,1
96,3712,9126,0,0,38.8349,13.8844,24.2064,0.0,0.0,1886,2941.0,0.0,0.0,13.11,12.44,0.0,0.0,36,921.0,0.0,0.0,one,RT,1
0,2846,5944,3309,0,52.0768,21.2608,12.8046,16.1563,0.0,1650,920.0,1230.0,0.0,0.63,8.45,10.1,0.0,123,1.0,20.0,0.0,many,SR,2
0,2335,2220,0,0,38.611,18.851,18.1709,0.0,0.0,1964,1652.0,0.0,0.0,6.32,15.89,0.0,0.0,193,0.0,0.0,0.0,one,SR,1
0,1258,1345,0,0,38.4923,19.8046,17.1793,0.0,0.0,1869,1549.0,0.0,0.0,6.05,15.08,0.0,0.0,83,0.0,0.0,0.0,one,SR,1
0,4571,3016,0,0,37.4723,20.5148,15.5736,0.0,0.0,2154,1386.0,0.0,0.0,10.16,13.84,0.0,0.0,49,0.0,0.0,0.0,one,SR,1
0,4046,9494,0,0,37.0679,18.8051,16.7865,0.0,0.0,1798,1508.0,0.0,0.0,5.59,14.76,0.0,0.0,105,0.0,0.0,0.0,one,SR,1
0,3667,9855,1041,0,51.1303,18.9754,16.5547,13.6719,0.0,2133,1337.0,1003.0,0.0,5.04,10.4,8.88,0.0,386,74.0,8.0,0.0,many,SR,2
0,331,9805,5346,0,37.0199,13.8959,10.9388,10.656,0.0,1329,977.0,737.0,0.0,0.19,7.87,7.42,0.0,287,160.0,0.0,0.0,many,SR,2
0,237,8794,0,0,36.3924,19.1389,15.8505,0.0,0.0,1833,1413.0,0.0,0.0,6.62,14.03,0.0,0.0,60,0.0,0.0,0.0,one,SR,1
0,179,5855,0,0,36.4123,17.8978,17.0195,0.0,0.0,2099,1532.0,0.0,0.0,8.58,14.95,0.0,0.0,229,0.0,0.0,0.0,one,SR,1
0,2775,6915,0,0,36.5726,15.7148,19.1856,0.0,0.0,2354,1758.0,0.0,0.0,9.67,16.72,0.0,0.0,486,0.0,0.0,0.0,one,SR,1
0,963,5579,0,0,36.0833,18.5739,16.0896,0.0,0.0,2460,1436.0,0.0,0.0,13.05,14.2,0.0,0.0,237,0.0,0.0,0.0,one,SR,1
0,1419,2063,0,0,35.416,18.8173,15.2381,0.0,0.0,1748,1353.0,0.0,0.0,6.11,13.61,0.0,0.0,38,0.0,0.0,0.0,one,SR,1
116,3856,9330,0,0,34.5057,13.4988,20.2353,0.0,0.0,1744,1911.0,0.0,0.0,11.37,10.72,0.0,0.0,38,353.0,0.0,0.0,one,TR,1
0,3806,4338,0,0,35.0139,18.2617,15.3817,0.0,0.0,1643,1367.0,0.0,0.0,4.92,13.7,0.0,0.0,49,0.0,0.0,0.0,one,SR,1
0,3389,3433,0,0,34.5943,18.6029,14.6691,0.0,0.0,2069,1299.0,0.0,0.0,9.82,13.22,0.0,0.0,102,0.0,0.0,0.0,one,SR,1
170,2299,1873,0,0,33.9033,9.3138,23.9549,0.0,0.0,1112,2489.0,0.0,0.0,5.97,10.34,0.0,0.0,55,665.0,0.0,0.0,one,RT,1
0,1870,3269,0,0,34.7482,16.0785,17.1621,0.0,0.0,1958,1548.0,0.0,0.0,6.99,15.08,0.0,0.0,300,0.0,0.0,0.0,one,SR,1
0,1741,657,0,0,34.276,18.5342,14.4356,0.0,0.0,1636,1276.0,0.0,0.0,5.42,13.06,0.0,0.0,2,0.0,0.0,0.0,one,SR,1
72,4048,9938,4535,0,53.2096,16.7309,13.198,22.2516,0.0,1954,934.0,2471.0,0.0,11.26,7.08,8.21,0.0,36,57.0,828.0,0.0,many,TR,2
0,2246,6125,0,0,34.1583,15.2908,17.345,0.0,0.0,1953,1567.0,0.0,0.0,6.8,15.23,0.0,0.0,348,0.0,0.0,0.0,one,SR,1
0,1630,1387,0,0,33.9346,18.1005,14.5216,0.0,0.0,1838,1285.0,0.0,0.0,7.49,13.12,0.0,0.0,73,0.0,0.0,0.0,one,SR,1
21,3429,7070,0,0,33.4187,13.8623,18.6603,0.0,0.0,1648,2040.0,0.0,0.0,9.24,11.96,0.0,0.0,57,472.0,0.0,0.0,one,RT,1
0,4017,1394,0,0,33.6756,15.9438,16.2956,0.0,0.0,1731,1457.0,0.0,0.0,5.25,14.36,0.0,0.0,223,0.0,0.0,0.0,one,SR,1
0,2333,3734,0,0,33.3931,15.8363,16.1338,0.0,0.0,1717,1440.0,0.0,0.0,5.22,14.23,0.0,0.0,219,0.0,0.0,0.0,one,SR,1
0,937,6621,0,0,33.2915,16.7595,15.1757,0.0,0.0,1861,1347.0,0.0,0.0,7.33,13.56,0.0,0.0,170,0.0,0.0,0.0,one,SR,1
0,3880,7477,0,0,33.1471,16.6208,15.17,0.0,0.0,1972,1347.0,0.0,0.0,8.5,13.56,0.0,0.0,202,0.0,0.0,0.0,one,SR,1
182,4820,7901,0,0,32.4025,12.9521,18.7467,0.0,0.0,1701,1651.0,0.0,0.0,11.53,10.04,0.0,0.0,25,243.0,0.0,0.0,one,RT,1
0,4252,5115,0,0,32.7723,16.6844,14.7598,0.0,0.0,2193,1307.0,0.0,0.0,11.07,13.28,0.0,0.0,234,0.0,0.0,0.0,one,SR,1
0,1307,6850,0,0,32.8806,14.7939,16.623,0.0,0.0,1902,1492.0,0.0,0.0,6.8,14.64,0.0,0.0,335,0.0,0.0,0.0,one,SR,1
14,3836,4954,4953,2170,106.5734,12.6533,37.3531,37.3531,17.8824,1434,3417.0,3417.0,1976.0,3.07,9.27,9.27,8.77,282,844.0,844.0,604.0,many,RT,3
0,1095,7704,0,0,32.443,17.9449,13.2712,0.0,0.0,1869,1164.0,0.0,0.0,8.58,12.27,0.0,0.0,47,0.0,0.0,0.0,one,SR,1
0,3202,9973,0,0,32.4548,15.6693,15.4129,0.0,0.0,1802,1370.0,0.0,0.0,6.57,13.73,0.0,0.0,223,0.0,0.0,0.0,one,SR,1
0,685,55,0,0,32.3092,17.1448,13.895,0.0,0.0,1828,1224.0,0.0,0.0,7.77,12.69,0.0,0.0,101,0.0,0.0,0.0,one,SR,1
150,3617,6975,50,0,49.1391,14.4375,15.1066,18.3562,0.0,1399,1353.0,1845.0,0.0,3.54,8.26,9.13,0.0,135,253.0,460.0,0.0,many,RT,2
0,4780,8464,0,0,32.1762,16.4532,14.4177,0.0,0.0,1977,1275.0,0.0,0.0,9.01,13.05,0.0,0.0,188,0.0,0.0,0.0,one,SR,1
0,824,1940,0,0,32.0747,14.8987,15.7787,0.0,0.0,1880,1405.0,0.0,0.0,7.16,13.97,0.0,0.0,293,0.0,0.0,0.0,one,SR,1
0,1545,2541,0,0,31.8552,16.7279,13.86,0.0,0.0,1598,1221.0,0.0,0.0,5.37,12.67,0.0,0.0,71,0.0,0.0,0.0,one,SR,1
0,4840,7138,0,0,31.7801,16.2661,14.222,0.0,0.0,1546,1256.0,0.0,0.0,4.61,12.92,0.0,0.0,96,0.0,0.0,0.0,one,SR,1
0,2165,7352,0,0,31.7197,15.2285,15.1369,0.0,0.0,1867,1344.0,0.0,0.0,7.42,13.54,0.0,0.0,252,0.0,0.0,0.0,one,SR,1
0,2581,9556,0,0,31.5876,14.9521,15.2721,0.0,0.0,1534,1357.0,0.0,0.0,3.84,13.63,0.0,0.0,197,0.0,0.0,0.0,one,SR,1
0,4743,5772,0,0,31.2631,16.1321,13.8638,0.0,0.0,1504,1221.0,0.0,0.0,4.39,12.67,0.0,0.0,82,0.0,0.0,0.0,one,SR,1
0,999,4852,0,0,31.0956,15.2373,14.5443,0.0,0.0,1515,1287.0,0.0,0.0,4.08,13.14,0.0,0.0,154,0.0,0.0,0.0,one,SR,1
247,2541,813,0,0,30.5594,12.2049,17.5567,0.0,0.0,1290,2080.0,0.0,0.0,6.36,10.98,0.0,0.0,19,601.0,0.0,0.0,one,RT,1
0,3027,6226,0,0,30.9448,17.1221,12.6389,0.0,0.0,1564,1103.0,0.0,0.0,5.77,11.84,0.0,0.0,3,0.0,0.0,0.0,one,SR,1
43,888,2983,0,0,30.4235,13.1765,16.4647,0.0,0.0,1553,1969.0,0.0,0.0,9.27,11.82,0.0,0.0,18,523.0,0.0,0.0,one,RT,1
0,1392,2171,0,0,30.9372,14.7718,14.8316,0.0,0.0,1518,1315.0,0.0,0.0,3.94,13.34,0.0,0.0,189,0.0,0.0,0.0,one,SR,1
0,3726,5499,0,0,30.3054,14.9357,14.0869,0.0,0.0,1604,1243.0,0.0,0.0,5.3,12.83,0.0,0.0,175,0.0,0.0,0.0,one,SR,1
0,3116,5688,0,0,30.1544,15.9208,13.0236,0.0,0.0,1560,1140.0,0.0,0.0,5.49,12.1,0.0,0.0,78,0.0,0.0,0.0,one,SR,1
50,3190,5094,2064,1605,79.8483,15.1661,12.178,26.0321,25.0482,1753,892.0,2109.0,1944.0,5.59,7.4,8.42,8.42,263,56.0,351.0,263.0,many,RT,3
0,3913,4300,0,0,29.877,15.8674,12.8138,0.0,0.0,1641,1120.0,0.0,0.0,6.47,11.96,0.0,0.0,92,0.0,0.0,0.0,one,SR,1
0,1888,7014,0,0,29.6365,16.6576,11.8488,0.0,0.0,1772,1027.0,0.0,0.0,8.44,11.3,0.0,0.0,48,0.0,0.0,0.0,one,SR,1
0,3283,6037,0,0,29.5892,15.3096,13.0661,0.0,0.0,1318,1145.0,0.0,0.0,2.92,12.14,0.0,0.0,59,0.0,0.0,0.0,one,SR,1
0,1015,1208,0,0,29.1721,16.2063,11.8365,0.0,0.0,2055,1026.0,0.0,0.0,11.41,11.29,0.0,0.0,134,0.0,0.0,0.0,one,SR,1
0,148,2191,0,0,29.1014,16.0118,11.9517,0.0,0.0,1555,1038.0,0.0,0.0,6.09,11.38,0.0,0.0,38,0.0,0.0,0.0,one,SR,1
0,3710,322,0,0,29.0534,16.1652,11.7637,0.0,0.0,1738,1019.0,0.0,0.0,8.13,11.24,0.0,0.0,64,0.0,0.0,0.0,one,SR,1
0,4807,1760,0,0,29.1606,13.5188,14.3421,0.0,0.0,1552,1267.0,0.0,0.0,4.6,13.0,0.0,0.0,247,0.0,0.0,0.0,one,SR,1
0,4277,8015,0,0,28.915,14.0339,13.6294,0.0,0.0,1526,1199.0,0.0,0.0,4.76,12.52,0.0,0.0,191,0.0,0.0,0.0,one,SR,1
0,4901,1819,0,0,28.7244,16.7563,10.9017,0.0,0.0,1840,937.0,0.0,0.0,9.72,10.66,0.0,0.0,27,0.0,0.0,0.0,one,SR,1
0,4912,981,0,0,28.8257,14.792,12.8365,0.0,0.0,1369,1122.0,0.0,0.0,3.6,11.97,0.0,0.0,90,0.0,0.0,0.0,one,SR,1
0,3675,6685,0,0,28.7498,15.1384,12.4404,0.0,0.0,1590,1085.0,0.0,0.0,6.16,11.71,0.0,0.0,108,0.0,0.0,0.0,one,SR,1
0,2055,7605,0,0,28.6329,15.2359,12.24,0.0,0.0,1474,1065.0,0.0,0.0,5.06,11.57,0.0,0.0,70,0.0,0.0,0.0,one,SR,1
0,725,5247,0,0,28.6652,13.6084,13.7938,0.0,0.0,1590,1215.0,0.0,0.0,5.33,12.63,0.0,0.0,233,0.0,0.0,0.0,one,SR,1
0,1924,5663,0,0,28.188,14.654,12.3686,0.0,0.0,1429,1077.0,0.0,0.0,4.52,11.65,0.0,0.0,95,0.0,0.0,0.0,one,SR,1
0,2308,5018,0,0,27.7217,14.1175,12.4338,0.0,0.0,1357,1084.0,0.0,0.0,3.72,11.7,0.0,0.0,110,0.0,0.0,0.0,one,SR,1
0,4001,225,0,0,27.6513,13.2902,13.1427,0.0,0.0,1226,1152.0,0.0,0.0,1.91,12.18,0.0,0.0,148,0.0,0.0,0.0,one,SR,1
0,1201,3174,0,0,27.4881,15.4292,10.9868,0.0,0.0,1527,945.0,0.0,0.0,6.38,10.72,0.0,0.0,31,0.0,0.0,0.0,one,SR,1
0,3415,4819,0,0,27.412,14.5778,11.7126,0.0,0.0,1432,1015.0,0.0,0.0,4.94,11.22,0.0,0.0,79,0.0,0.0,0.0,one,SR,1
0,274,8299,0,0,27.4136,13.7352,12.5038,0.0,0.0,1238,1090.0,0.0,0.0,2.43,11.75,0.0,0.0,106,0.0,0.0,0.0,one,SR,1
0,3080,3046,0,0,27.3939,13.5305,12.6767,0.0,0.0,1601,1107.0,0.0,0.0,6.13,11.87,0.0,0.0,203,0.0,0.0,0.0,one,SR,1
0,4697,7790,0,0,27.2739,14.9004,11.2817,0.0,0.0,1609,973.0,0.0,0.0,7.07,10.92,0.0,0.0,87,0.0,0.0,0.0,one,SR,1
0,3735,3828,0,0,27.0992,15.5362,10.5227,0.0,0.0,1548,900.0,0.0,0.0,6.89,10.4,0.0,0.0,15,0.0,0.0,0.0,one,SR,1
0,3751,7863,0,0,27.1432,13.7297,12.2551,0.0,0.0,1140,1067.0,0.0,0.0,1.54,11.58,0.0,0.0,77,0.0,0.0,0.0,one,SR,1
0,4383,4944,0,0,27.1741,12.5354,13.4026,0.0,0.0,1629,1177.0,0.0,0.0,5.98,12.36,0.0,0.0,286,0.0,0.0,0.0,one,SR,1
0,4453,2389,0,0,26.9131,14.0287,11.7599,0.0,0.0,1493,1019.0,0.0,0.0,5.56,11.24,0.0,0.0,123,0.0,0.0,0.0,one,SR,1
0,3385,3265,0,0,26.9848,12.1852,13.5528,0.0,0.0,1690,1192.0,0.0,0.0,6.52,12.47,0.0,0.0,323,0.0,0.0,0.0,one,SR,1
0,1488,5958,0,0,26.8287,14.2832,11.4423,0.0,0.0,1369,989.0,0.0,0.0,4.45,11.03,0.0,0.0,72,0.0,0.0,0.0,one,SR,1
0,4472,6229,0,0,26.6196,14.4053,11.1323,0.0,0.0,1643,959.0,0.0,0.0,7.51,10.82,0.0,0.0,116,0.0,0.0,0.0,one,SR,1
0,598,9886,0,0,26.5939,14.5255,10.9962,0.0,0.0,1300,945.0,0.0,0.0,4.0,10.72,0.0,0.0,29,0.0,0.0,0.0,one,SR,1
0,2255,162,0,0,26.5624,14.3516,11.1295,0.0,0.0,1293,958.0,0.0,0.0,3.84,10.81,0.0,0.0,41,0.0,0.0,0.0,one,SR,1
0,2130,700,0,0,26.465,12.7016,12.5831,0.0,0.0,1284,1098.0,0.0,0.0,2.86,11.8,0.0,0.0,174,0.0,0.0,0.0,one,SR,1
0,375,8319,0,0,26.2596,13.9454,11.2259,0.0,0.0,1143,968.0,0.0,0.0,2.21,10.88,0.0,0.0,33,0.0,0.0,0.0,one,SR,1
0,197,461,0,0,25.8143,12.9801,11.7126,0.0,0.0,1487,1015.0,0.0,0.0,5.52,11.22,0.0,0.0,176,0.0,0.0,0.0,one,SR,1
0,3048,5483,0,0,25.7269,14.0326,10.6456,0.0,0.0,1214,912.0,0.0,0.0,3.31,10.49,0.0,0.0,25,0.0,0.0,0.0,one,SR,1
0,1009,1188,0,0,25.7342,12.0374,12.5208,0.0,0.0,1188,1092.0,0.0,0.0,1.89,11.76,0.0,0.0,186,0.0,0.0,0.0,one,SR,1
0,4824,3987,0,0,25.6076,13.234,11.2817,0.0,0.0,1417,973.0,0.0,0.0,5.05,10.92,0.0,0.0,133,0.0,0.0,0.0,one,SR,1
0,1253,7870,0,0,25.5329,13.9531,10.5388,0.0,0.0,1211,901.0,0.0,0.0,3.35,10.41,0.0,0.0,25,0.0,0.0,0.0,one,SR,1
0,2796,8881,0,0,25.5934,12.5184,11.9385,0.0,0.0,1366,1036.0,0.0,0.0,4.11,11.36,0.0,0.0,181,0.0,0.0,0.0,one,SR,1
0,159,7146,0,0,25.528,13.0618,11.3686,0.0,0.0,1345,981.0,0.0,0.0,4.24,10.98,0.0,0.0,129,0.0,0.0,0.0,one,SR,1
0,4532,9868,0,0,25.3548,13.8121,10.5038,0.0,0.0,1315,898.0,0.0,0.0,4.46,10.39,0.0,0.0,54,0.0,0.0,0.0,one,SR,1
0,1133,2122,0,0,25.3334,13.2375,11.0217,0.0,0.0,1051,948.0,0.0,0.0,1.37,10.74,0.0,0.0,43,0.0,0.0,0.0,one,SR,1
0,1292,6481,0,0,25.2908,13.5261,10.7117,0.0,0.0,1391,918.0,0.0,0.0,5.13,10.53,0.0,0.0,93,0.0,0.0,0.0,one,SR,1
0,4995,1865,0,0,25.2746,12.1517,11.9829,0.0,0.0,1511,1041.0,0.0,0.0,5.61,11.4,0.0,0.0,234,0.0,0.0,0.0,one,SR,1
0,1602,7198,0,0,25.1667,13.2706,10.8346,0.0,0.0,1230,930.0,0.0,0.0,3.36,10.62,0.0,0.0,75,0.0,0.0,0.0,one,SR,1
0,4227,5929,0,0,25.086,13.3066,10.7249,0.0,0.0,1368,920.0,0.0,0.0,4.87,10.54,0.0,0.0,100,0.0,0.0,0.0,one,SR,1
0,2063,6547,0,0,25.0574,12.8355,11.1399,0.0,0.0,1261,959.0,0.0,0.0,3.5,10.82,0.0,0.0,115,0.0,0.0,0.0,one,SR,1
21,3083,2961,0,0,24.4244,8.9447,14.9109,0.0,0.0,1211,1667.0,0.0,0.0,7.6,8.69,0.0,0.0,65,496.0,0.0,0.0,one,RT,1
0,4070,4030,0,0,24.7085,13.9947,9.7279,0.0,0.0,1232,823.0,0.0,0.0,4.06,9.86,0.0,0.0,1,0.0,0.0,0.0,one,SR,1
0,330,241,0,0,24.8082,12.505,11.2155,0.0,0.0,1206,967.0,0.0,0.0,2.87,10.88,0.0,0.0,123,0.0,0.0,0.0,one,SR,1
50,481,1991,1990,0,35.3545,12.0647,11.1888,11.1888,0.0,1318,873.0,873.0,0.0,5.63,6.56,6.56,0.0,87,125.0,125.0,0.0,many,TR,2
246,3565,2698,0,0,24.4838,10.5974,13.0553,0.0,0.0,1168,1628.0,0.0,0.0,4.78,10.31,0.0,0.0,93,475.0,0.0,0.0,one,TR,1
0,3782,7151,0,0,24.7202,11.7968,11.7968,0.0,0.0,1685,1022.0,0.0,0.0,7.55,11.27,0.0,0.0,285,0.0,0.0,0.0,one,SR,1
0,2996,8099,0,0,24.6559,12.6043,10.9802,0.0,0.0,1161,944.0,0.0,0.0,2.55,10.71,0.0,0.0,100,0.0,0.0,0.0,one,SR,1
0,2984,8671,0,0,24.719,11.3572,12.207,0.0,0.0,1332,1062.0,0.0,0.0,3.59,11.55,0.0,0.0,244,0.0,0.0,0.0,one,SR,1
0,2690,2949,0,0,24.5893,11.9122,11.5662,0.0,0.0,1280,1000.0,0.0,0.0,3.44,11.11,0.0,0.0,182,0.0,0.0,0.0,one,SR,1
0,2282,968,0,0,24.5778,11.0938,12.3213,0.0,0.0,1557,1073.0,0.0,0.0,5.89,11.63,0.0,0.0,311,0.0,0.0,0.0,one,SR,1
0,2329,7699,0,0,24.4402,11.58,11.7372,0.0,0.0,1262,1017.0,0.0,0.0,3.14,11.23,0.0,0.0,201,0.0,0.0,0.0,one,SR,1
0,2727,8503,0,0,24.3117,13.1189,10.1758,0.0,0.0,1126,867.0,0.0,0.0,2.67,10.17,0.0,0.0,39,0.0,0.0,0.0,one,SR,1
0,2024,6245,0,0,24.1416,13.9057,9.2798,0.0,0.0,1361,781.0,0.0,0.0,5.68,9.56,0.0,0.0,20,0.0,0.0,0.0,one,SR,1
0,1047,6989,0,0,24.1491,13.5874,9.5851,0.0,0.0,1507,810.0,0.0,0.0,7.03,9.77,0.0,0.0,79,0.0,0.0,0.0,one,SR,1
0,2669,6727,0,0,24.2064,12.3566,10.7911,0.0,0.0,1427,926.0,0.0,0.0,5.46,10.59,0.0,0.0,166,0.0,0.0,0.0,one,SR,1
0,2660,3094,0,0,24.0716,13.2767,9.8034,0.0,0.0,1076,831.0,0.0,0.0,2.37,9.92,0.0,0.0,7,0.0,0.0,0.0,one,SR,1
0,4885,5545,0,0,24.0092,12.1131,10.8346,0.0,0.0,1423,930.0,0.0,0.0,5.39,10.62,0.0,0.0,179,0.0,0.0,0.0,one,SR,1
0,3107,9731,0,0,23.9406,13.0699,9.8743,0.0,0.0,1363,838.0,0.0,0.0,5.34,9.96,0.0,0.0,84,0.0,0.0,0.0,one,SR,1
0,3400,3831,0,0,23.885,12.783,10.0907,0.0,0.0,1067,859.0,0.0,0.0,2.1,10.11,0.0,0.0,41,0.0,0.0,0.0,one,SR,1
0,1251,8280,0,0,23.9086,11.4183,11.3913,0.0,0.0,1378,983.0,0.0,0.0,4.58,10.99,0.0,0.0,224,0.0,0.0,0.0,one,SR,1
22,36,5689,0,0,23.5067,10.7581,12.0215,0.0,0.0,1083,1342.0,0.0,0.0,4.83,9.27,0.0,0.0,16,340.0,0.0,0.0,one,TR,1
0,1605,8781,0,0,23.5125,11.0853,11.3317,0.0,0.0,1256,978.0,0.0,0.0,3.33,10.95,0.0,0.0,213,0.0,0.0,0.0,one,SR,1
0,291,8292,0,0,23.3833,12.4329,9.949,0.0,0.0,1601,845.0,0.0,0.0,7.8,10.01,0.0,0.0,173,0.0,0.0,0.0,one,SR,1
0,4560,9186,0,0,23.2755,13.3631,8.9774,0.0,0.0,1448,751.0,0.0,0.0,6.79,9.35,0.0,0.0,58,0.0,0.0,0.0,one,SR,1
0,4243,5785,0,0,23.2977,12.5859,9.726,0.0,0.0,1243,823.0,0.0,0.0,4.18,9.86,0.0,0.0,78,0.0,0.0,0.0,one,SR,1
0,2577,8775,0,0,23.2974,11.0663,11.1484,0.0,0.0,1329,960.0,0.0,0.0,4.21,10.83,0.0,0.0,224,0.0,0.0,0.0,one,SR,1
0,3069,6123,0,0,23.2364,11.8511,10.3564,0.0,0.0,1189,884.0,0.0,0.0,3.22,10.29,0.0,0.0,126,0.0,0.0,0.0,one,SR,1
0,4609,8403,0,0,23.0875,11.5061,10.5397,0.0,0.0,1560,902.0,0.0,0.0,7.0,10.42,0.0,0.0,232,0.0,0.0,0.0,one,SR,1
0,2997,1516,0,0,22.9412,11.7113,10.2108,0.0,0.0,1373,870.0,0.0,0.0,5.24,10.19,0.0,0.0,169,0.0,0.0,0.0,one,SR,1
0,1585,5878,0,0,22.8704,12.3458,9.5501,0.0,0.0,1078,807.0,0.0,0.0,2.55,9.75,0.0,0.0,49,0.0,0.0,0.0,one,SR,1
109,3291,3743,0,0,22.1113,8.6483,12.9161,0.0,0.0,1562,1143.0,0.0,0.0,11.48,8.47,0.0,0.0,148,175.0,0.0,0.0,one,TR,1
0,1681,8303,0,0,22.3132,11.6109,9.7165,0.0,0.0,1235,823.0,0.0,0.0,4.09,9.86,0.0,0.0,128,0.0,0.0,0.0,one,SR,1
0,2626,8356,0,0,22.2195,11.9185,9.3413,0.0,0.0,1325,786.0,0.0,0.0,5.28,9.6,0.0,0.0,119,0.0,0.0,0.0,one,SR,1
0,1314,8759,0,0,22.2239,11.2513,9.9698,0.0,0.0,1201,847.0,0.0,0.0,3.59,10.03,0.0,0.0,148,0.0,0.0,0.0,one,SR,1
0,3216,5816,0,0,22.0574,12.4134,8.726,0.0,0.0,1222,727.0,0.0,0.0,4.57,9.18,0.0,0.0,50,0.0,0.0,0.0,one,SR,1
0,3761,6593,0,0,22.0778,11.7768,9.3413,0.0,0.0,1082,786.0,0.0,0.0,2.72,9.6,0.0,0.0,73,0.0,0.0,0.0,one,SR,1
0,2312,1786,0,0,21.9571,12.2205,8.8129,0.0,0.0,1121,735.0,0.0,0.0,3.46,9.24,0.0,0.0,41,0.0,0.0,0.0,one,SR,1
0,4485,8047,0,0,21.9855,11.7236,9.3044,0.0,0.0,1183,783.0,0.0,0.0,3.8,9.58,0.0,0.0,97,0.0,0.0,0.0,one,SR,1
0,3845,1542,0,0,21.8838,12.1234,8.8346,0.0,0.0,1258,738.0,0.0,0.0,4.88,9.26,0.0,0.0,77,0.0,0.0,0.0,one,SR,1
0,987,1821,0,0,21.996,10.2721,10.673,0.0,0.0,1325,915.0,0.0,0.0,4.45,10.51,0.0,0.0,250,0.0,0.0,0.0,one,SR,1
213,2203,926,0,0,21.3293,8.6606,12.1544,0.0,0.0,1089,1005.0,0.0,0.0,6.81,8.14,0.0,0.0,27,114.0,0.0,0.0,one,TR,1
0,2072,1008,0,0,21.539,11.1308,9.4414,0.0,0.0,1274,796.0,0.0,0.0,4.68,9.67,0.0,0.0,153,0.0,0.0,0.0,one,SR,1
0,3151,3330,0,0,21.4473,10.4452,9.9972,0.0,0.0,1189,850.0,0.0,0.0,3.44,10.05,0.0,0.0,189,0.0,0.0,0.0,one,SR,1
0,502,9769,0,0,21.3537,11.3805,9.0341,0.0,0.0,1091,757.0,0.0,0.0,3.0,9.39,0.0,0.0,86,0.0,0.0,0.0,one,SR,1
0,3198,8985,0,0,21.3789,10.6486,9.743,0.0,0.0,1227,825.0,0.0,0.0,4.0,9.87,0.0,0.0,178,0.0,0.0,0.0,one,SR,1
42,1066,9405,0,0,20.7646,7.9683,12.1951,0.0,0.0,1204,1259.0,0.0,0.0,7.23,9.01,0.0,0.0,131,277.0,0.0,0.0,one,TR,1
0,1698,512,0,0,20.884,11.1141,8.8441,0.0,0.0,1264,738.0,0.0,0.0,4.94,9.26,0.0,0.0,132,0.0,0.0,0.0,one,SR,1
66,4409,4436,0,0,20.1977,10.0978,9.5184,0.0,0.0,1310,941.0,0.0,0.0,8.52,7.81,0.0,0.0,32,199.0,0.0,0.0,one,TR,1
0,4525,8028,0,0,20.5247,9.9112,9.6333,0.0,0.0,1245,815.0,0.0,0.0,4.25,9.8,0.0,0.0,218,0.0,0.0,0.0,one,SR,1
0,4540,3707,3706,0,40.0958,15.0745,11.7177,11.7177,0.0,1318,827.0,827.0,0.0,-0.43,7.93,7.93,0.0,249,0.0,0.0,0.0,many,SR,2
0,3483,4925,0,0,20.3895,10.7624,8.7099,0.0,0.0,1265,726.0,0.0,0.0,5.03,9.17,0.0,0.0,147,0.0,0.0,0.0,one,SR,1
0,2922,1309,0,0,20.3712,10.4071,9.0256,0.0,0.0,1216,756.0,0.0,0.0,4.32,9.38,0.0,0.0,165,0.0,0.0,0.0,one,SR,1
281,2866,3766,0,0,19.8845,8.9171,10.3428,0.0,0.0,1083,1148.0,0.0,0.0,5.75,8.25,0.0,0.0,65,308.0,0.0,0.0,one,RT,1
0,3333,7736,0,0,19.919,10.1103,8.88,0.0,0.0,1292,742.0,0.0,0.0,5.21,9.29,0.0,0.0,193,0.0,0.0,0.0,one,SR,1
0,1398,4719,0,0,19.7806,9.0894,9.7061,0.0,0.0,1390,822.0,0.0,0.0,5.73,9.85,0.0,0.0,296,0.0,0.0,0.0,one,SR,1
0,839,3559,0,0,19.7358,9.4792,9.2997,0.0,0.0,1496,782.0,0.0,0.0,7.1,9.57,0.0,0.0,285,0.0,0.0,0.0,one,SR,1
0,185,1062,0,0,19.3656,9.5386,8.897,0.0,0.0,1279,744.0,0.0,0.0,5.06,9.3,0.0,0.0,221,0.0,0.0,0.0,one,SR,1
151,4275,3032,0,0,33.7019,10.2755,22.7403,0.0,0.0,1513,1686.0,0.0,0.0,9.71,9.86,0.0,0.0,117,95.0,0.0,0.0,one,TR,1
0,539,3968,0,0,27.0939,14.6334,11.3629,0.0,0.0,1370,981.0,0.0,0.0,4.51,10.98,0.0,0.0,51,0.0,0.0,0.0,one,SR,1
213,2016,7984,5488,0,73.7194,12.2724,37.4867,23.1185,0.0,1180,2710.0,2423.0,0.0,4.81,9.28,9.14,0.0,12,267.0,706.0,0.0,many,RT,2
203,3843,6650,0,0,46.9463,10.9899,35.182,0.0,0.0,1158,2283.0,0.0,0.0,5.19,11.74,0.0,0.0,43,-85.0,0.0,0.0,one,RT,1
35,3788,5290,0,0,24.7398,9.6668,14.5594,0.0,0.0,1251,1576.0,0.0,0.0,8.51,8.14,0.0,0.0,9,464.0,0.0,0.0,one,RT,1
25,3939,7053,0,0,25.7741,8.9902,16.1813,0.0,0.0,1094,1503.0,0.0,0.0,6.06,9.03,0.0,0.0,53,289.0,0.0,0.0,one,RT,1
0,20,4572,32,0,94.9821,37.4385,24.2183,30.0834,0.0,2636,1912.0,2636.0,0.0,-1.5,14.39,18.03,0.0,145,0.0,145.0,0.0,many,SR,2
0,704,3302,3015,0,94.4676,37.3109,27.0061,26.9231,0.0,2773,2162.0,2388.0,0.0,0.07,15.96,16.31,0.0,175,0.0,170.0,0.0,many,SR,2
0,2109,7144,6575,6574,107.9247,40.533,23.8118,19.8668,19.8668,2522,2131.0,1523.0,1523.0,-8.14,14.59,11.93,11.93,244,186.0,0.0,0.0,many,SR,3
79,3428,9060,8524,4709,95.3832,19.4428,15.8099,22.5959,36.0342,1579,1567.0,1756.0,2699.0,3.08,8.07,8.07,9.87,34,402.0,241.0,298.0,many,RT,3
0,4490,3464,685,0,65.5253,27.8837,21.3025,14.1319,0.0,2941,1793.0,1031.0,0.0,11.02,12.99,9.09,0.0,225,103.0,0.0,0.0,many,SR,2
0,1775,2990,0,0,74.3631,39.5341,32.1046,0.0,0.0,3642,3100.0,0.0,0.0,13.72,27.24,0.0,0.0,9,0.0,0.0,0.0,one,SR,1
0,2153,8957,8124,0,57.8247,20.8593,13.1098,21.6411,0.0,2305,945.0,2042.0,0.0,4.27,8.6,13.55,0.0,461,0.0,263.0,0.0,many,SR,2
86,3563,8245,6263,3986,86.5644,15.3993,23.8263,20.0487,25.8134,1903,2667.0,1853.0,2390.0,6.69,8.88,7.94,8.95,309,882.0,443.0,563.0,many,RT,3
0,3003,7221,6130,0,53.1059,19.0544,16.9003,15.1112,0.0,1499,1266.0,1399.0,0.0,-2.62,10.42,9.98,0.0,295,0.0,210.0,0.0,many,SR,2
0,1556,8229,0,0,78.4473,43.5067,32.2084,0.0,0.0,4549,3110.0,0.0,0.0,23.17,27.32,0.0,0.0,2,0.0,0.0,0.0,one,SR,1
238,4229,5660,3319,31,68.1416,19.3235,12.7094,19.3842,15.0596,1909,1329.0,1579.0,1597.0,5.06,8.22,8.21,8.22,192,346.0,240.0,454.0,many,RT,3
0,618,5185,0,0,73.4946,38.8284,31.9543,0.0,0.0,3885,3084.0,0.0,0.0,16.39,27.12,0.0,0.0,94,0.0,0.0,0.0,one,SR,1
9,4921,8408,4005,0,47.7815,15.4225,19.262,11.9863,0.0,1867,1609.0,1216.0,0.0,9.61,8.62,7.49,0.0,125,251.0,322.0,0.0,many,RT,2
0,1461,3840,0,0,47.5158,25.1588,20.5718,0.0,0.0,2421,1902.0,0.0,0.0,9.35,17.85,0.0,0.0,53,0.0,0.0,0.0,one,SR,1
0,2826,9028,0,0,70.0181,35.3037,31.9987,0.0,0.0,3411,3089.0,0.0,0.0,11.37,27.16,0.0,0.0,178,0.0,0.0,0.0,one,SR,1
0,453,7968,0,0,64.6454,31.6051,30.4507,0.0,0.0,3265,2928.0,0.0,0.0,10.98,25.9,0.0,0.0,282,0.0,0.0,0.0,one,SR,1
0,2146,9999,6353,0,55.7958,19.4717,14.9835,19.223,0.0,1720,1104.0,1528.0,0.0,-1.0,9.5,11.68,0.0,359,0.0,46.0,0.0,many,SR,2
0,2022,9954,8266,0,54.7388,23.5632,11.0,18.3079,0.0,2385,766.0,1385.0,0.0,8.23,7.58,11.09,0.0,169,0.0,0.0,0.0,many,SR,2
0,1352,4362,4081,0,64.0772,27.8732,21.4078,12.6681,0.0,3051,1684.0,946.0,0.0,12.88,12.84,8.44,0.0,212,17.0,29.0,0.0,many,SR,2
0,1835,1118,0,0,61.047,31.5946,27.1333,0.0,0.0,3215,2583.0,0.0,0.0,12.89,23.19,0.0,0.0,142,0.0,0.0,0.0,one,SR,1
0,3663,9222,0,0,37.3617,18.6532,17.1986,0.0,0.0,1882,1551.0,0.0,0.0,6.17,15.1,0.0,0.0,148,0.0,0.0,0.0,one,SR,1
0,4141,8538,3826,0,50.4106,18.885,14.2938,15.3233,0.0,1359,1222.0,1132.0,0.0,-2.91,9.43,9.66,0.0,210,131.0,0.0,0.0,many,SR,2
195,1053,7562,1904,0,59.1093,14.7308,20.7789,22.4493,0.0,1175,1956.0,2409.0,0.0,1.98,9.03,9.47,0.0,28,442.0,710.0,0.0,many,RT,2
0,476,6769,4132,0,51.5298,22.5084,14.435,12.8084,0.0,1954,1123.0,920.0,0.0,4.51,9.33,8.45,0.0,87,49.0,1.0,0.0,many,SR,2
0,731,4813,448,0,46.3836,22.3418,11.185,11.3152,0.0,2326,782.0,799.0,0.0,10.55,7.67,7.74,0.0,65,0.0,5.0,0.0,many,SR,2
0,4829,1212,338,0,72.8302,29.7449,17.8372,22.7999,0.0,2021,1351.0,1797.0,0.0,-0.81,10.88,13.6,0.0,38,4.0,9.0,0.0,many,SR,2
0,4505,3799,0,0,34.2961,15.2506,17.5104,0.0,0.0,1821,1583.0,0.0,0.0,5.3,15.35,0.0,0.0,327,0.0,0.0,0.0,one,SR,1
0,2096,6617,0,0,46.5102,24.2782,20.4563,0.0,0.0,2789,1890.0,0.0,0.0,13.3,17.76,0.0,0.0,177,0.0,0.0,0.0,one,SR,1
0,568,3676,731,0,41.1594,17.6772,11.3783,10.5476,0.0,2064,1089.0,729.0,0.0,7.66,8.2,7.37,0.0,262,215.0,1.0,0.0,many,SR,2
0,1313,9822,0,0,54.2581,28.9321,23.3173,0.0,0.0,3644,2187.0,0.0,0.0,20.18,20.09,0.0,0.0,230,0.0,0.0,0.0,one,SR,1
0,3502,5340,0,0,52.9397,26.9503,23.9314,0.0,0.0,2763,2250.0,0.0,0.0,10.49,20.58,0.0,0.0,164,0.0,0.0,0.0,one,SR,1
0,2510,1392,0,0,41.8123,20.503,19.6033,0.0,0.0,2153,1801.0,0.0,0.0,7.25,17.06,0.0,0.0,203,0.0,0.0,0.0,one,SR,1
0,4067,3749,0,0,42.6019,21.4052,19.4993,0.0,0.0,1900,1790.0,0.0,0.0,4.67,16.97,0.0,0.0,95,0.0,0.0,0.0,one,SR,1
0,3409,7009,0,0,54.0977,30.3041,21.9003,0.0,0.0,3354,2040.0,0.0,0.0,18.18,18.93,0.0,0.0,38,0.0,0.0,0.0,one,SR,1
0,3730,3723,3722,0,44.094,17.5035,12.4666,12.4666,0.0,2022,890.0,890.0,0.0,6.32,8.29,8.29,0.0,310,0.0,0.0,0.0,many,SR,2
0,3518,8477,0,0,40.6071,20.0228,18.9333,0.0,0.0,2125,1731.0,0.0,0.0,7.45,16.51,0.0,0.0,196,0.0,0.0,0.0,one,SR,1
0,2848,9270,679,0,49.6633,22.2216,14.482,11.2634,0.0,1929,1061.0,788.0,0.0,4.99,9.26,7.71,0.0,58,0.0,0.0,0.0,many,SR,2
0,4672,8720,0,0,41.9802,21.3221,19.0008,0.0,0.0,2296,1739.0,0.0,0.0,9.19,16.57,0.0,0.0,168,0.0,0.0,0.0,one,SR,1
0,2458,192,0,0,28.477,13.6032,13.6228,0.0,0.0,1936,1198.0,0.0,0.0,9.07,12.51,0.0,0.0,304,0.0,0.0,0.0,one,SR,1
0,4898,5138,0,0,48.8073,28.3393,18.8255,0.0,0.0,3456,1720.0,0.0,0.0,21.51,16.42,0.0,0.0,45,0.0,0.0,0.0,one,SR,1
0,3508,7770,0,0,46.6482,23.729,21.0917,0.0,0.0,2559,1956.0,0.0,0.0,10.42,18.28,0.0,0.0,180,0.0,0.0,0.0,one,SR,1
0,2540,6038,3918,0,41.7742,16.1582,12.0994,11.8848,0.0,1361,993.0,841.0,0.0,-0.4,8.31,8.01,0.0,223,99.0,0.0,0.0,many,SR,2
0,4653,1101,0,0,38.3451,17.4664,19.2048,0.0,0.0,2189,1760.0,0.0,0.0,7.92,16.74,0.0,0.0,357,0.0,0.0,0.0,one,SR,1
0,2718,7943,6899,0,72.9988,27.6143,20.7542,22.0216,0.0,2190,1667.0,1947.0,0.0,-0.48,12.55,13.54,0.0,265,47.0,169.0,0.0,many,SR,2
0,2978,712,0,0,39.2684,19.6125,18.0746,0.0,0.0,1931,1642.0,0.0,0.0,6.04,15.81,0.0,0.0,142,0.0,0.0,0.0,one,SR,1
0,249,7193,0,0,24.2536,12.9035,10.3233,0.0,0.0,1410,881.0,0.0,0.0,5.56,10.27,0.0,0.0,118,0.0,0.0,0.0,one,SR,1
0,4919,4092,0,0,43.2743,22.4003,19.2009,0.0,0.0,3185,1759.0,0.0,0.0,18.38,16.73,0.0,0.0,315,0.0,0.0,0.0,one,SR,1
0,3749,5003,0,0,23.9834,10.8659,11.9782,0.0,0.0,1384,1040.0,0.0,0.0,4.28,11.39,0.0,0.0,274,0.0,0.0,0.0,one,SR,1
0,2141,6162,0,0,23.8936,11.4201,11.3752,0.0,0.0,1519,982.0,0.0,0.0,6.07,10.98,0.0,0.0,255,0.0,0.0,0.0,one,SR,1
0,679,691,0,0,23.8094,11.3803,11.3336,0.0,0.0,1421,978.0,0.0,0.0,5.06,10.95,0.0,0.0,234,0.0,0.0,0.0,one,SR,1
0,2816,8540,2457,0,53.6136,25.1527,13.4702,13.2167,0.0,2989,1005.0,1142.0,0.0,15.42,8.81,8.93,0.0,174,22.0,139.0,0.0,many,SR,2
0,2544,4408,0,0,44.2994,24.2857,18.4057,0.0,0.0,2543,1676.0,0.0,0.0,12.23,16.08,0.0,0.0,42,0.0,0.0,0.0,one,SR,1
0,1025,5642,5190,0,52.928,20.3464,17.3014,13.3248,0.0,2010,1460.0,968.0,0.0,3.51,10.85,8.71,0.0,299,118.0,4.0,0.0,many,SR,2
0,1575,5460,0,0,44.8427,23.7454,19.407,0.0,0.0,2052,1781.0,0.0,0.0,6.33,16.9,0.0,0.0,1,0.0,0.0,0.0,one,SR,1
0,2065,7647,0,0,28.4715,15.5224,11.8204,0.0,0.0,1350,1025.0,0.0,0.0,4.02,11.29,0.0,0.0,14,0.0,0.0,0.0,one,SR,1
0,551,8604,0,0,22.0894,11.6238,9.4953,0.0,0.0,1135,801.0,0.0,0.0,3.18,9.7,0.0,0.0,98,0.0,0.0,0.0,one,SR,1
0,3575,5859,0,0,38.2075,21.7757,15.0811,0.0,0.0,3197,1339.0,0.0,0.0,21.41,13.51,0.0,0.0,197,0.0,0.0,0.0,one,SR,1
0,4741,2911,0,0,21.7441,11.3416,9.4357,0.0,0.0,1270,796.0,0.0,0.0,4.63,9.67,0.0,0.0,141,0.0,0.0,0.0,one,SR,1
0,3714,7482,0,0,21.6459,12.1095,8.6248,0.0,0.0,1112,718.0,0.0,0.0,3.47,9.12,0.0,0.0,39,0.0,0.0,0.0,one,SR,1
0,2396,7606,0,0,35.8433,16.4164,17.8628,0.0,0.0,2043,1620.0,0.0,0.0,7.37,15.64,0.0,0.0,328,0.0,0.0,0.0,one,SR,1
270,4711,2326,0,0,20.8158,8.3788,11.8619,0.0,0.0,1237,1483.0,0.0,0.0,7.81,8.75,0.0,0.0,104,485.0,0.0,0.0,one,RT,1
0,2805,907,0,0,33.0431,17.4124,14.3317,0.0,0.0,1503,1266.0,0.0,0.0,4.09,12.99,0.0,0.0,29,0.0,0.0,0.0,one,SR,1
0,1231,8386,0,0,30.3867,14.8819,14.2135,0.0,0.0,1514,1255.0,0.0,0.0,4.28,12.91,0.0,0.0,162,0.0,0.0,0.0,one,SR,1
0,1250,5522,0,0,35.2149,16.5556,17.1525,0.0,0.0,1884,1547.0,0.0,0.0,6.22,15.07,0.0,0.0,258,0.0,0.0,0.0,one,SR,1
0,3873,7698,0,0,37.4242,20.1187,15.8997,0.0,0.0,2311,1417.0,0.0,0.0,11.61,14.06,0.0,0.0,115,0.0,0.0,0.0,one,SR,1
0,4647,873,0,0,41.9832,23.1185,17.343,0.0,0.0,2492,1566.0,0.0,0.0,12.47,15.22,0.0,0.0,51,0.0,0.0,0.0,one,SR,1
0,2515,7322,0,0,33.4425,17.8044,14.3383,0.0,0.0,1501,1267.0,0.0,0.0,4.06,13.0,0.0,0.0,8,0.0,0.0,0.0,one,SR,1
0,4464,3603,0,0,39.7454,21.8508,16.4458,0.0,0.0,2178,1473.0,0.0,0.0,9.83,14.49,0.0,0.0,14,0.0,0.0,0.0,one,SR,1
0,1542,365,0,0,20.3473,9.8337,9.5397,0.0,0.0,1219,806.0,0.0,0.0,4.03,9.74,0.0,0.0,213,0.0,0.0,0.0,one,SR,1
0,192,4041,0,0,35.1906,17.7649,16.0121,0.0,0.0,1779,1428.0,0.0,0.0,5.96,14.14,0.0,0.0,126,0.0,0.0,0.0,one,SR,1
0,385,3182,0,0,30.3963,16.9291,12.3052,0.0,0.0,1846,1072.0,0.0,0.0,8.93,11.62,0.0,0.0,65,0.0,0.0,0.0,one,SR,1
0,946,3162,0,0,34.927,15.4878,17.8743,0.0,0.0,2478,1621.0,0.0,0.0,11.94,15.65,0.0,0.0,474,0.0,0.0,0.0,one,SR,1
0,430,9249,0,0,31.5345,17.1251,13.188,0.0,0.0,2013,1156.0,0.0,0.0,10.14,12.21,0.0,0.0,120,0.0,0.0,0.0,one,SR,1
0,2076,9537,0,0,28.0662,14.2898,12.5954,0.0,0.0,1907,1099.0,0.0,0.0,9.39,11.81,0.0,0.0,228,0.0,0.0,0.0,one,SR,1
0,3079,4095,0,0,28.1833,13.3669,13.5689,0.0,0.0,1389,1193.0,0.0,0.0,3.36,12.47,0.0,0.0,194,0.0,0.0,0.0,one,SR,1
0,814,7877,0,0,35.9044,18.1953,16.2744,0.0,0.0,2039,1455.0,0.0,0.0,8.5,14.35,0.0,0.0,171,0.0,0.0,0.0,one,SR,1
0,2599,6734,0,0,32.7859,17.5698,13.9432,0.0,0.0,1890,1229.0,0.0,0.0,8.39,12.73,0.0,0.0,94,0.0,0.0,0.0,one,SR,1
0,45,3371,0,0,35.1745,19.2738,14.584,0.0,0.0,2254,1291.0,0.0,0.0,11.82,13.17,0.0,0.0,105,0.0,0.0,0.0,one,SR,1
0,214,5832,0,0,28.7938,16.0465,11.6313,0.0,0.0,1504,1007.0,0.0,0.0,5.75,11.16,0.0,0.0,14,0.0,0.0,0.0,one,SR,1
0,4126,3068,0,0,33.6998,16.9476,15.3817,0.0,0.0,1919,1367.0,0.0,0.0,7.82,13.7,0.0,0.0,180,0.0,0.0,0.0,one,SR,1
0,275,566,0,0,30.0333,15.722,13.0964,0.0,0.0,1705,1147.0,0.0,0.0,6.97,12.15,0.0,0.0,123,0.0,0.0,0.0,one,SR,1
0,79,4316,0,0,29.2467,14.1749,13.808,0.0,0.0,1787,1216.0,0.0,0.0,7.39,12.64,0.0,0.0,247,0.0,0.0,0.0,one,SR,1
0,1552,3694,573,0,41.7148,17.3292,11.4282,11.4011,0.0,1452,803.0,800.0,0.0,1.24,7.79,7.78,0.0,145,1.0,0.0,0.0,many,SR,2
162,4797,3890,3432,0,92.1666,9.3108,13.8171,68.1503,0.0,1335,1434.0,4848.0,0.0,6.02,7.44,11.44,0.0,226,416.0,476.0,0.0,many,TR,2
0,1896,3996,2861,0,83.0648,34.7823,31.725,13.7624,0.0,3119,2829.0,1000.0,0.0,7.59,19.04,8.91,0.0,179,178.0,0.0,0.0,many,SR,2
0,3613,388,0,0,38.4223,21.0502,15.9621,0.0,0.0,2452,1423.0,0.0,0.0,13.06,14.1,0.0,0.0,99,0.0,0.0,0.0,one,SR,1
0,3935,613,0,0,40.8039,22.685,16.6536,0.0,0.0,2522,1494.0,0.0,0.0,13.29,14.65,0.0,0.0,54,0.0,0.0,0.0,one,SR,1
0,2116,6363,0,0,35.7792,17.9092,16.4227,0.0,0.0,1872,1471.0,0.0,0.0,6.63,14.47,0.0,0.0,155,0.0,0.0,0.0,one,SR,1
0,533,7396,0,0,25.375,12.7813,11.4877,0.0,0.0,1483,993.0,0.0,0.0,5.62,11.06,0.0,0.0,178,0.0,0.0,0.0,one,SR,1
0,945,5364,0,0,35.8167,18.639,15.7796,0.0,0.0,1723,1406.0,0.0,0.0,5.51,13.98,0.0,0.0,60,0.0,0.0,0.0,one,SR,1
246,3627,6569,6568,1127,120.1022,17.651,33.3166,33.3166,34.0137,1296,2817.0,2817.0,2375.0,-2.63,9.82,9.82,10.4,212,521.0,521.0,105.0,many,TR,3
247,3282,4700,0,0,16.9169,8.4113,7.8273,0.0,0.0,1203,1125.0,0.0,0.0,6.53,9.78,0.0,0.0,144,335.0,0.0,0.0,one,RT,1
0,4935,9179,2749,0,43.2866,16.6994,11.6159,13.2731,0.0,1777,1098.0,968.0,0.0,3.38,8.29,8.69,0.0,318,207.0,7.0,0.0,many,SR,2
0,1052,3527,0,0,28.6297,12.6566,14.6521,0.0,0.0,1882,1297.0,0.0,0.0,7.87,13.21,0.0,0.0,376,0.0,0.0,0.0,one,SR,1
0,3886,2571,0,0,31.9993,16.635,14.0822,0.0,0.0,1674,1242.0,0.0,0.0,6.04,12.82,0.0,0.0,100,0.0,0.0,0.0,one,SR,1
247,3174,6824,0,0,28.1394,15.0752,12.2396,0.0,0.0,1859,1630.0,0.0,0.0,12.1,10.25,0.0,0.0,5,517.0,0.0,0.0,one,TR,1
0,4626,7451,0,0,27.7841,15.046,11.6228,0.0,0.0,1740,1006.0,0.0,0.0,8.23,11.15,0.0,0.0,119,0.0,0.0,0.0,one,SR,1
0,3746,9023,0,0,26.595,14.6138,10.914,0.0,0.0,1374,938.0,0.0,0.0,4.82,10.67,0.0,0.0,38,0.0,0.0,0.0,one,SR,1
0,807,3378,2445,0,49.4434,22.2033,14.4702,11.0826,0.0,1882,1060.0,773.0,0.0,4.58,9.25,7.62,0.0,44,0.0,0.0,0.0,many,SR,2
0,896,8617,0,0,31.5474,17.0806,13.2419,0.0,0.0,1937,1161.0,0.0,0.0,9.32,12.25,0.0,0.0,107,0.0,0.0,0.0,one,SR,1
0,2629,8951,0,0,32.4275,17.9721,13.2305,0.0,0.0,2000,1161.0,0.0,0.0,9.98,12.25,0.0,0.0,74,0.0,0.0,0.0,one,SR,1
0,907,9022,0,0,27.4922,15.374,11.0425,0.0,0.0,1705,950.0,0.0,0.0,8.22,10.76,0.0,0.0,75,0.0,0.0,0.0,one,SR,1
0,2258,9649,0,0,32.2642,17.0887,13.9054,0.0,0.0,2103,1225.0,0.0,0.0,10.65,12.7,0.0,0.0,165,0.0,0.0,0.0,one,SR,1
0,3825,2026,0,0,34.1686,18.266,14.5859,0.0,0.0,1951,1291.0,0.0,0.0,8.63,13.17,0.0,0.0,91,0.0,0.0,0.0,one,SR,1
0,4289,1599,0,0,25.8034,12.277,12.361,0.0,0.0,1453,1077.0,0.0,0.0,4.77,11.65,0.0,0.0,227,0.0,0.0,0.0,one,SR,1
0,329,7578,0,0,32.3735,17.0426,14.051,0.0,0.0,1944,1239.0,0.0,0.0,8.89,12.8,0.0,0.0,137,0.0,0.0,0.0,one,SR,1
0,1778,7461,0,0,33.9158,18.9884,13.6729,0.0,0.0,2055,1203.0,0.0,0.0,10.29,12.55,0.0,0.0,46,0.0,0.0,0.0,one,SR,1
0,2931,7737,4987,0,51.6313,19.7239,18.0034,11.999,0.0,1576,1383.0,851.0,0.0,-0.6,10.99,8.07,0.0,212,17.0,0.0,0.0,many,SR,2
152,3666,4732,0,0,36.9838,11.2147,24.9861,0.0,0.0,1130,3043.0,0.0,0.0,4.82,11.83,0.0,0.0,29,996.0,0.0,0.0,one,RT,1
0,616,4101,1278,0,51.859,20.7207,13.0999,16.1543,0.0,1331,944.0,1331.0,0.0,-2.98,8.59,10.25,0.0,95,0.0,95.0,0.0,many,SR,2
0,2480,5632,0,0,24.5934,14.4665,9.1777,0.0,0.0,1440,771.0,0.0,0.0,6.58,9.49,0.0,0.0,4,0.0,0.0,0.0,one,SR,1
0,1618,8929,0,0,27.0278,13.805,12.0765,0.0,0.0,1337,1050.0,0.0,0.0,3.72,11.46,0.0,0.0,111,0.0,0.0,0.0,one,SR,1
0,4120,6634,0,0,26.412,14.4454,10.9008,0.0,0.0,1452,936.0,0.0,0.0,5.65,10.66,0.0,0.0,64,0.0,0.0,0.0,one,SR,1
0,1638,9360,0,0,27.8601,14.0947,12.585,0.0,0.0,1360,1098.0,0.0,0.0,3.66,11.8,0.0,0.0,117,0.0,0.0,0.0,one,SR,1
0,1013,2700,0,0,26.5139,14.4753,10.9679,0.0,0.0,1500,943.0,0.0,0.0,6.11,10.71,0.0,0.0,75,0.0,0.0,0.0,one,SR,1
0,4489,2177,0,0,28.3355,14.2149,12.9177,0.0,0.0,2059,1130.0,0.0,0.0,10.79,12.03,0.0,0.0,276,0.0,0.0,0.0,one,SR,1
0,4410,6717,0,0,27.4405,15.1317,11.2212,0.0,0.0,1358,967.0,0.0,0.0,4.47,10.88,0.0,0.0,17,0.0,0.0,0.0,one,SR,1
0,3769,8265,0,0,31.87,17.5625,13.0926,0.0,0.0,1937,1147.0,0.0,0.0,9.4,12.15,0.0,0.0,77,0.0,0.0,0.0,one,SR,1
0,3776,3318,1095,0,44.4801,17.8833,12.1462,12.7644,0.0,1317,863.0,1116.0,0.0,-1.35,8.13,8.73,0.0,148,0.0,148.0,0.0,many,SR,2
0,137,487,0,0,24.3672,12.0713,11.2089,0.0,0.0,1424,966.0,0.0,0.0,5.17,10.87,0.0,0.0,194,0.0,0.0,0.0,one,SR,1
0,1548,1107,0,0,31.805,17.69,12.912,0.0,0.0,1769,1130.0,0.0,0.0,7.75,12.03,0.0,0.0,27,0.0,0.0,0.0,one,SR,1
0,3373,8748,0,0,28.6854,15.1478,12.3714,0.0,0.0,1885,1078.0,0.0,0.0,9.3,11.66,0.0,0.0,170,0.0,0.0,0.0,one,SR,1
140,2293,8511,5560,0,42.6034,11.1968,14.2628,16.2508,0.0,1168,830.0,1325.0,0.0,4.23,6.41,7.52,0.0,91,-45.0,212.0,0.0,many,TR,2
0,485,2974,0,0,21.4212,11.5349,8.9528,0.0,0.0,1288,749.0,0.0,0.0,5.12,9.34,0.0,0.0,119,0.0,0.0,0.0,one,SR,1
0,2447,1525,0,0,30.6895,16.9115,12.5963,0.0,0.0,2008,1100.0,0.0,0.0,10.45,11.82,0.0,0.0,111,0.0,0.0,0.0,one,SR,1
0,2172,5270,144,0,49.9276,20.9591,15.8687,11.3229,0.0,1643,1185.0,860.0,0.0,1.26,9.93,7.84,0.0,100,5.0,49.0,0.0,many,SR,2
281,3218,2292,1428,1186,110.841,23.2397,24.9668,26.0954,34.7807,1901,2755.0,2513.0,2828.0,4.13,9.83,9.83,10.93,27,857.0,609.0,411.0,many,TR,3
0,318,6877,0,0,25.6792,13.2076,11.3733,0.0,0.0,1317,982.0,0.0,0.0,3.94,10.98,0.0,0.0,115,0.0,0.0,0.0,one,SR,1
0,4706,7815,0,0,22.5807,12.9053,8.7553,0.0,0.0,1180,730.0,0.0,0.0,4.11,9.2,0.0,0.0,16,0.0,0.0,0.0,one,SR,1
0,2749,6157,0,0,24.3857,12.0971,11.2023,0.0,0.0,1429,965.0,0.0,0.0,5.23,10.86,0.0,0.0,193,0.0,0.0,0.0,one,SR,1
0,3505,7646,0,0,25.6385,12.6025,11.9017,0.0,0.0,1605,1033.0,0.0,0.0,6.64,11.34,0.0,0.0,228,0.0,0.0,0.0,one,SR,1
64,3679,1010,0,0,51.1955,15.7294,34.4845,0.0,0.0,1807,2211.0,0.0,0.0,10.14,13.82,0.0,0.0,34,-207.0,0.0,0.0,one,RT,1
0,4590,7493,0,0,25.9689,15.0871,9.8847,0.0,0.0,1597,839.0,0.0,0.0,7.79,9.97,0.0,0.0,29,0.0,0.0,0.0,one,SR,1
0,3384,6833,0,0,24.2372,13.6865,9.5747,0.0,0.0,1298,809.0,0.0,0.0,4.85,9.76,0.0,0.0,27,0.0,0.0,0.0,one,SR,1
0,4675,462,0,0,22.8954,12.9703,8.9887,0.0,0.0,1438,753.0,0.0,0.0,6.67,9.36,0.0,0.0,77,0.0,0.0,0.0,one,SR,1
0,664,8783,0,0,23.2684,11.463,10.7495,0.0,0.0,1590,922.0,0.0,0.0,7.19,10.56,0.0,0.0,248,0.0,0.0,0.0,one,SR,1
0,2316,1870,0,0,26.6564,14.2089,11.3506,0.0,0.0,1398,980.0,0.0,0.0,4.81,10.97,0.0,0.0,79,0.0,0.0,0.0,one,SR,1
0,2261,9732,0,0,26.2266,14.5008,10.6749,0.0,0.0,1851,915.0,0.0,0.0,9.98,10.51,0.0,0.0,142,0.0,0.0,0.0,one,SR,1
0,2740,2272,0,0,23.8525,13.0074,9.8507,0.0,0.0,1492,835.0,0.0,0.0,6.72,9.94,0.0,0.0,115,0.0,0.0,0.0,one,SR,1
0,3875,5700,0,0,23.2839,12.4094,9.8781,0.0,0.0,1565,838.0,0.0,0.0,7.46,9.96,0.0,0.0,164,0.0,0.0,0.0,one,SR,1
0,3959,2755,0,0,25.8484,14.813,10.0284,0.0,0.0,1529,853.0,0.0,0.0,6.99,10.07,0.0,0.0,33,0.0,0.0,0.0,one,SR,1
268,1471,6702,6450,0,105.4296,23.832,38.7429,41.1708,0.0,3017,3210.0,3586.0,0.0,16.52,12.43,13.41,0.0,207,467.0,613.0,0.0,many,TR,2
0,380,9787,0,0,22.9601,12.5722,9.4226,0.0,0.0,1139,794.0,0.0,0.0,3.27,9.65,0.0,0.0,46,0.0,0.0,0.0,one,SR,1
0,3442,8696,0,0,23.2191,12.6849,9.5596,0.0,0.0,1246,807.0,0.0,0.0,4.31,9.75,0.0,0.0,68,0.0,0.0,0.0,one,SR,1
0,1286,8095,0,0,21.3607,11.4908,8.9377,0.0,0.0,1155,747.0,0.0,0.0,3.74,9.32,0.0,0.0,91,0.0,0.0,0.0,one,SR,1
0,659,2639,0,0,26.1368,14.5941,10.5038,0.0,0.0,1496,898.0,0.0,0.0,6.36,10.39,0.0,0.0,53,0.0,0.0,0.0,one,SR,1
18,4170,8846,8845,3792,133.6197,20.8727,41.1142,41.1142,28.7539,2303,2086.0,2086.0,3401.0,8.3,10.02,10.02,9.6,245,-439.0,-439.0,1214.0,many,RT,3
0,4078,2304,0,0,22.3041,11.263,10.0341,0.0,0.0,1630,853.0,0.0,0.0,8.05,10.07,0.0,0.0,244,0.0,0.0,0.0,one,SR,1
0,4815,8114,0,0,25.2382,14.3062,9.932,0.0,0.0,1312,843.0,0.0,0.0,4.78,10.0,0.0,0.0,9,0.0,0.0,0.0,one,SR,1
0,4468,4668,0,0,25.6902,15.2801,9.4433,0.0,0.0,1677,796.0,0.0,0.0,8.91,9.67,0.0,0.0,22,0.0,0.0,0.0,one,SR,1
182,2384,8847,0,0,27.0909,8.4279,18.0391,0.0,0.0,1166,2187.0,0.0,0.0,6.63,10.24,0.0,0.0,109,699.0,0.0,0.0,one,TR,1
0,2817,3738,0,0,21.6515,11.2709,9.416,0.0,0.0,1444,793.0,0.0,0.0,6.48,9.65,0.0,0.0,182,0.0,0.0,0.0,one,SR,1
0,3237,5587,0,0,21.4985,11.4418,9.1126,0.0,0.0,1199,764.0,0.0,0.0,4.09,9.44,0.0,0.0,109,0.0,0.0,0.0,one,SR,1
0,4175,3629,0,0,25.0074,14.825,9.2297,0.0,0.0,1541,776.0,0.0,0.0,7.61,9.53,0.0,0.0,9,0.0,0.0,0.0,one,SR,1
0,1113,6260,0,0,22.1864,12.5501,8.7184,0.0,0.0,1494,727.0,0.0,0.0,7.43,9.18,0.0,0.0,103,0.0,0.0,0.0,one,SR,1
263,1627,9856,9831,8893,138.5685,28.4418,56.5375,26.7538,24.4771,2426,3075.0,2736.0,2138.0,4.25,13.65,11.49,10.44,154,-521.0,682.0,353.0,many,RT,3
0,2756,7849,0,0,22.54,12.8703,8.7496,0.0,0.0,1115,730.0,0.0,0.0,3.43,9.2,0.0,0.0,3,0.0,0.0,0.0,one,SR,1
213,4761,9242,8630,0,57.941,10.749,31.6113,14.7558,0.0,1099,2485.0,1098.0,0.0,4.12,9.12,7.12,0.0,67,364.0,116.0,0.0,many,TR,2
0,3755,9343,0,0,21.3729,11.8124,8.6475,0.0,0.0,1507,720.0,0.0,0.0,7.61,9.13,0.0,0.0,143,0.0,0.0,0.0,one,SR,1
234,4015,7567,5418,0,63.9301,12.2641,40.0901,10.6376,0.0,1128,2705.0,851.0,0.0,3.4,9.73,6.66,0.0,47,122.0,128.0,0.0,many,RT,2
1,876,342,0,0,57.5647,20.6813,35.6904,0.0,0.0,2462,2640.0,0.0,0.0,15.11,15.93,0.0,0.0,17,-14.0,0.0,0.0,one,TR,1
157,4952,7893,7462,1200,101.912,16.3275,18.9778,16.9755,48.2628,1351,1921.0,1465.0,2896.0,1.87,7.63,7.56,9.49,86,562.0,289.0,-91.0,many,RT,3
136,4759,5608,0,0,45.4633,5.7347,39.1888,0.0,0.0,1232,2963.0,0.0,0.0,8.08,10.4,0.0,0.0,226,341.0,0.0,0.0,one,RT,1
231,3168,5156,1812,1325,126.5116,26.8031,39.8497,29.1544,28.3721,1918,3102.0,2414.0,2649.0,-0.85,12.72,10.72,10.88,116,315.0,346.0,565.0,many,RT,3
181,373,9504,2418,0,66.0074,13.2016,28.6156,23.1827,0.0,1004,3105.0,1403.0,0.0,1.47,9.04,8.04,0.0,3,1007.0,-70.0,0.0,many,TR,2
265,483,8864,5835,0,62.7975,13.2167,10.9861,37.4885,0.0,1515,947.0,2637.0,0.0,5.95,7.51,10.55,0.0,162,150.0,149.0,0.0,many,RT,2
272,4989,9089,7446,0,61.3771,10.9618,25.3979,24.1658,0.0,1135,1915.0,1919.0,0.0,4.25,9.32,8.19,0.0,76,182.0,294.0,0.0,many,RT,2
0,1433,6177,1707,0,72.5475,25.4392,22.2329,22.2232,0.0,2025,1733.0,1733.0,0.0,-2.61,13.26,13.26,0.0,365,-1.0,0.0,0.0,many,SR,2
86,756,7133,7132,1414,88.0154,22.6586,23.2381,23.2381,17.2996,2398,2124.0,2124.0,1893.0,10.95,8.27,8.27,8.27,83,499.0,499.0,587.0,many,TR,3
281,230,6297,97,0,71.9289,11.7691,45.6926,13.5873,0.0,1135,3261.0,1335.0,0.0,4.0,10.39,7.41,0.0,47,281.0,348.0,0.0,many,TR,2
88,1325,2738,1482,0,79.8121,12.4991,16.0395,50.3965,0.0,1099,1436.0,2807.0,0.0,3.65,7.5,9.27,0.0,-1,312.0,-251.0,0.0,many,RT,2
136,1583,9587,8963,8547,84.4938,15.0826,22.3589,15.9272,29.6059,1595,1976.0,1386.0,2864.0,3.08,9.12,8.08,8.99,278,381.0,250.0,769.0,many,RT,3
265,2877,3664,0,0,32.6724,10.8981,21.0175,0.0,0.0,1155,1944.0,0.0,0.0,5.32,10.57,0.0,0.0,39,350.0,0.0,0.0,one,TR,1
0,3359,7631,557,0,43.8803,17.7996,12.2231,12.2231,0.0,2101,870.0,870.0,0.0,7.35,8.17,8.17,0.0,301,0.0,0.0,0.0,many,SR,2
252,2887,5122,2439,0,71.0248,15.0534,27.385,27.385,0.0,1242,2327.0,2327.0,0.0,2.23,10.01,10.01,0.0,50,391.0,391.0,0.0,many,RT,2
260,2621,6390,4387,0,50.9111,12.371,18.6728,18.6728,0.0,1277,1599.0,1599.0,0.0,2.66,8.97,8.97,0.0,197,254.0,254.0,0.0,many,TR,2
0,2270,9355,5417,0,41.4015,17.801,11.0057,11.0736,0.0,1153,766.0,779.0,0.0,-1.58,7.58,7.63,0.0,37,0.0,5.0,0.0,many,SR,2
0,3996,5098,2467,0,74.1284,27.7222,21.8975,21.8937,0.0,2640,1704.0,1704.0,0.0,4.18,13.08,13.08,0.0,362,0.0,0.0,0.0,many,SR,2
32,3030,6531,0,0,27.5452,11.1409,15.8391,0.0,0.0,1487,1878.0,0.0,0.0,10.53,8.65,0.0,0.0,8,625.0,0.0,0.0,one,RT,1
0,1408,3859,2746,0,45.4147,17.9587,12.8795,12.8795,0.0,1542,925.0,925.0,0.0,0.92,8.48,8.48,0.0,199,0.0,0.0,0.0,many,SR,2
0,4208,8187,8086,0,58.5011,23.934,16.5639,15.9791,0.0,2000,1239.0,1193.0,0.0,2.78,10.26,9.98,0.0,139,1.0,4.0,0.0,many,SR,2
88,2559,8132,244,0,69.183,11.6443,46.4709,10.2531,0.0,1096,3357.0,1043.0,0.0,4.18,9.08,7.07,0.0,14,383.0,282.0,0.0,many,TR,2
233,3650,7881,2257,0,52.1438,14.0811,14.6399,22.354,0.0,1644,1218.0,1887.0,0.0,7.64,8.25,8.43,0.0,127,166.0,341.0,0.0,many,RT,2
0,2168,4754,829,0,48.6879,18.5969,16.9008,11.3714,0.0,1645,1274.0,797.0,0.0,0.9,10.43,7.76,0.0,246,6.0,0.0,0.0,many,SR,2
22,3569,549,0,0,37.6107,10.7647,26.0214,0.0,0.0,1136,2394.0,0.0,0.0,4.51,11.25,0.0,0.0,74,451.0,0.0,0.0,one,TR,1
157,3929,4486,4028,0,59.6778,11.6586,19.9016,27.2773,0.0,1132,1625.0,2498.0,0.0,4.32,7.22,8.19,0.0,33,299.0,618.0,0.0,many,RT,2
0,1023,1541,1540,0,49.1336,21.5045,12.9621,12.9621,0.0,2120,932.0,932.0,0.0,6.92,8.52,8.52,0.0,142,0.0,0.0,0.0,many,SR,2
0,1938,8685,4054,0,61.1984,24.1256,20.2292,14.6726,0.0,1937,1689.0,1077.0,0.0,0.8,12.36,9.35,0.0,185,98.0,0.0,0.0,many,SR,2
147,4091,5641,3258,0,69.188,17.9308,25.2791,24.7388,0.0,1814,1810.0,1413.0,0.0,7.89,9.07,9.32,0.0,42,114.0,-193.0,0.0,many,RT,2
0,4651,4245,4243,0,52.6889,20.023,15.3648,15.3648,0.0,2142,1136.0,1136.0,0.0,5.06,9.68,9.68,0.0,336,0.0,0.0,0.0,many,SR,2
0,4893,9017,4722,0,42.7145,17.6333,10.4194,13.0652,0.0,1154,721.0,994.0,0.0,-2.25,7.31,8.65,0.0,82,3.0,39.0,0.0,many,SR,2
0,4418,7061,3979,0,38.238,14.7136,11.0038,11.0038,0.0,1765,766.0,766.0,0.0,4.88,7.58,7.58,0.0,334,0.0,0.0,0.0,many,SR,2
175,1724,9866,0,0,27.6663,9.1518,17.9684,0.0,0.0,1102,1613.0,0.0,0.0,6.66,8.46,0.0,0.0,19,321.0,0.0,0.0,one,TR,1
0,6,6589,2167,0,55.9767,22.9338,15.5399,15.5487,0.0,1873,1151.0,1157.0,0.0,2.08,9.77,9.78,0.0,131,0.0,4.0,0.0,many,SR,2
21,2311,3250,0,0,38.9587,13.2886,24.8298,0.0,0.0,1657,2069.0,0.0,0.0,9.84,12.4,0.0,0.0,63,190.0,0.0,0.0,one,RT,1
0,4925,6154,5508,0,49.7919,22.4102,12.8479,12.8396,0.0,1975,922.0,926.0,0.0,5.49,8.47,8.47,0.0,57,0.0,3.0,0.0,many,SR,2
0,3947,5455,0,0,39.7529,21.5544,16.7269,0.0,0.0,2033,1502.0,0.0,0.0,8.1,14.72,0.0,0.0,9,0.0,0.0,0.0,one,SR,1
0,394,5112,4287,0,45.7018,18.1167,12.5827,13.2709,0.0,1637,900.0,1161.0,0.0,1.6,8.34,8.97,0.0,228,0.0,150.0,0.0,many,SR,2
0,4752,6060,0,0,31.7662,15.5879,14.8439,0.0,0.0,1866,1316.0,0.0,0.0,7.58,13.34,0.0,0.0,223,0.0,0.0,0.0,one,SR,1
238,2921,8895,8894,0,69.6607,14.1607,27.3177,27.3177,0.0,1716,1657.0,1657.0,0.0,10.24,8.32,8.32,0.0,41,-69.0,-69.0,0.0,many,RT,2
92,2300,3588,0,0,41.9125,8.0139,33.3787,0.0,0.0,1119,3048.0,0.0,0.0,7.07,10.2,0.0,0.0,71,687.0,0.0,0.0,one,RT,1
157,866,2887,0,0,41.5004,9.8813,31.0207,0.0,0.0,1195,3173.0,0.0,0.0,7.16,10.98,0.0,0.0,26,861.0,0.0,0.0,one,TR,1
0,484,8352,1022,0,129.3575,51.6944,33.2333,40.1294,0.0,3433,2720.0,3433.0,0.0,-2.66,19.48,23.53,0.0,70,0.0,70.0,0.0,many,SR,2
0,1021,6063,3406,0,99.6999,34.5998,26.6153,34.8145,0.0,3773,2127.0,3209.0,0.0,6.58,15.74,20.96,0.0,752,0.0,253.0,0.0,many,SR,2
277,4549,8889,4966,0,89.8126,18.3754,38.3507,31.5914,0.0,1319,3506.0,2531.0,0.0,0.39,14.75,10.2,0.0,31,617.0,352.0,0.0,many,TR,2
114,455,9344,6881,970,99.799,23.7603,21.5212,23.069,29.2489,2483,1570.0,2734.0,2614.0,6.28,9.78,10.77,11.45,339,61.0,884.0,470.0,many,RT,3
0,850,5653,3143,0,73.5608,28.794,18.6835,23.5236,0.0,2297,1417.0,2041.0,0.0,1.08,11.27,14.32,0.0,203,0.0,139.0,0.0,many,SR,2
147,3851,9248,8978,0,70.7729,15.0106,27.8259,26.7963,0.0,1524,2364.0,2649.0,0.0,5.74,9.7,9.71,0.0,85,415.0,692.0,0.0,many,TR,2
7,1963,8786,6581,0,71.1123,19.0306,37.4753,12.9741,0.0,1335,3498.0,1613.0,0.0,-0.67,13.82,9.51,0.0,65,694.0,504.0,0.0,many,RT,2
0,3439,8921,6676,0,59.6506,25.0238,20.3839,12.1812,0.0,2188,1691.0,890.0,0.0,4.42,12.43,8.18,0.0,141,89.0,18.0,0.0,many,SR,2
121,1033,8315,7797,7066,85.8187,17.5726,30.152,19.9524,16.6038,1139,2306.0,1738.0,1883.0,-1.88,10.22,9.08,8.08,54,236.0,302.0,620.0,many,RT,3
0,1518,5002,5001,0,87.7945,36.8971,24.0208,24.0208,0.0,2721,1895.0,1895.0,0.0,2.87,14.28,14.28,0.0,8,0.0,0.0,0.0,many,SR,2
164,1761,9696,9044,0,65.7632,13.8635,26.8822,23.7821,0.0,1118,2918.0,2217.0,0.0,0.62,10.13,9.23,0.0,102,886.0,505.0,0.0,many,RT,2
166,777,6907,6118,0,55.4269,13.6375,19.3635,21.4213,0.0,1338,1827.0,2059.0,0.0,5.01,8.3,8.74,0.0,52,437.0,509.0,0.0,many,TR,2
240,880,2516,389,0,70.0098,18.7828,31.1301,18.7016,0.0,1931,3256.0,1979.0,0.0,7.72,11.98,9.98,0.0,97,877.0,513.0,0.0,many,TR,2
0,175,8144,5803,0,51.9262,22.199,12.056,15.8688,0.0,1600,854.0,1187.0,0.0,0.58,8.09,9.94,0.0,37,-1.0,6.0,0.0,many,SR,2
160,4150,7896,0,0,47.1696,14.2877,31.8904,0.0,0.0,1513,2848.0,0.0,0.0,6.96,13.92,0.0,0.0,50,423.0,0.0,0.0,one,TR,1
164,786,9128,3226,2222,92.2292,25.0289,16.052,22.3117,26.5831,1951,1649.0,2351.0,2998.0,0.2,10.54,10.35,11.65,180,343.0,629.0,894.0,many,RT,3
0,2899,6269,4246,0,47.2114,18.1794,12.5907,14.6349,0.0,1336,901.0,1336.0,0.0,-2.23,8.35,9.72,0.0,194,0.0,194.0,0.0,many,SR,2
52,4112,8479,8284,0,45.2381,10.1471,21.8955,12.3734,0.0,1323,1522.0,1316.0,0.0,6.49,8.08,7.14,0.0,147,84.0,401.0,0.0,many,RT,2
0,2481,1005,1004,0,45.9344,19.1214,12.5728,12.5728,0.0,1317,899.0,899.0,0.0,-1.18,8.34,8.34,0.0,73,0.0,0.0,0.0,many,SR,2
128,2410,7953,6953,5863,116.1876,26.1554,27.3331,28.8073,32.0982,2836,2475.0,2302.0,2848.0,13.64,8.12,8.12,12.69,96,600.0,392.0,470.0,many,TR,3
0,4024,8603,2431,0,43.4563,17.9865,11.8678,11.9941,0.0,1701,848.0,854.0,0.0,3.39,8.01,8.07,0.0,190,6.0,3.0,0.0,many,SR,2
50,2836,2337,0,0,55.6471,16.4658,37.8355,0.0,0.0,1893,3363.0,0.0,0.0,7.76,17.46,0.0,0.0,188,400.0,0.0,0.0,one,TR,1
0,4727,6444,724,0,42.2593,17.0907,12.4331,11.1197,0.0,1311,887.0,946.0,0.0,-0.78,8.27,7.89,0.0,155,0.0,126.0,0.0,many,SR,2
0,720,3249,2452,0,67.2013,28.5132,23.9,12.435,0.0,4218,2499.0,887.0,0.0,23.11,15.26,8.27,0.0,544,448.0,0.0,0.0,many,SR,2
262,935,9624,3678,0,77.8069,15.545,27.5624,33.5287,0.0,1834,2328.0,3164.0,0.0,8.72,10.46,9.25,0.0,140,363.0,818.0,0.0,many,RT,2
0,228,1875,1292,0,39.642,15.3074,11.3994,11.3794,0.0,1275,811.0,798.0,0.0,-0.61,7.79,7.76,0.0,213,8.0,0.0,0.0,many,SR,2
233,4774,9902,8074,0,49.0382,13.1206,22.0308,12.5851,0.0,1465,2389.0,1601.0,0.0,3.67,10.58,9.44,0.0,250,662.0,515.0,0.0,many,RT,2
0,4176,5802,0,0,62.0979,27.0607,32.2971,0.0,0.0,3563,3120.0,0.0,0.0,12.75,27.4,0.0,0.0,661,0.0,0.0,0.0,one,SR,1
0,4086,3532,0,0,37.7688,19.6887,16.6172,0.0,0.0,1800,1491.0,0.0,0.0,5.73,14.63,0.0,0.0,52,0.0,0.0,0.0,one,SR,1
0,4463,4444,0,0,37.6147,19.9473,16.2359,0.0,0.0,1749,1451.0,0.0,0.0,5.48,14.32,0.0,0.0,12,0.0,0.0,0.0,one,SR,1
14,835,8936,6124,1468,92.7678,14.5505,32.6566,22.1035,22.1035,1973,2513.0,2413.0,2413.0,8.53,9.65,8.44,8.44,311,314.0,777.0,777.0,many,RT,3
117,560,8434,1524,0,60.1618,12.0518,21.9172,25.3259,0.0,1231,2309.0,2368.0,0.0,5.12,8.2,9.47,0.0,47,713.0,544.0,0.0,many,TR,2
215,2339,1577,0,0,34.2408,11.748,21.5606,0.0,0.0,1118,2494.0,0.0,0.0,3.35,12.32,0.0,0.0,69,688.0,0.0,0.0,one,RT,1
0,4978,4479,2158,0,69.5997,25.9477,13.5482,27.5764,0.0,2784,1016.0,2291.0,0.0,6.49,8.86,16.41,0.0,446,25.0,57.0,0.0,many,SR,2
14,4073,4449,1206,1205,83.2696,12.6628,18.4374,25.4374,25.4374,1349,1917.0,1729.0,1729.0,2.51,8.64,8.15,8.15,245,537.0,84.0,84.0,many,RT,3
51,2111,9219,0,0,45.2313,15.5689,28.5069,0.0,0.0,2374,2844.0,0.0,0.0,14.53,15.56,0.0,0.0,251,500.0,0.0,0.0,one,RT,1
197,2198,8181,0,0,38.7281,9.4547,28.7266,0.0,0.0,1122,2835.0,0.0,0.0,6.86,10.47,0.0,0.0,8,718.0,0.0,0.0,one,RT,1
134,4648,7486,0,0,45.5597,16.5895,27.9221,0.0,0.0,1865,2084.0,0.0,0.0,10.15,14.48,0.0,0.0,33,-37.0,0.0,0.0,one,TR,1
1,1484,7988,4240,4239,86.7786,21.6345,15.2449,24.2289,24.2289,2151,1668.0,1572.0,1572.0,9.61,7.71,7.85,7.85,16,526.0,27.0,27.0,many,RT,3
0,826,8383,0,0,50.3448,25.0113,23.3249,0.0,0.0,3140,2187.0,0.0,0.0,14.89,20.09,0.0,0.0,327,0.0,0.0,0.0,one,SR,1
277,2140,5220,4663,0,56.2371,14.1984,26.2129,14.7627,0.0,1368,2375.0,1537.0,0.0,4.8,9.32,8.32,0.0,57,516.0,415.0,0.0,many,TR,2
0,2870,8886,6542,0,63.6067,25.4137,20.9679,14.9658,0.0,2394,1934.0,1113.0,0.0,4.8,13.09,9.51,0.0,260,228.0,8.0,0.0,many,SR,2
88,1366,4326,0,0,27.0844,9.9104,16.6421,0.0,0.0,1260,1379.0,0.0,0.0,8.44,8.32,0.0,0.0,7,200.0,0.0,0.0,one,TR,1
79,528,7153,0,0,41.4648,15.6793,24.7021,0.0,0.0,1670,2379.0,0.0,0.0,7.78,13.83,0.0,0.0,55,380.0,0.0,0.0,one,TR,1
0,4762,8441,0,0,54.3517,29.9258,22.4855,0.0,0.0,3156,2100.0,0.0,0.0,15.67,19.4,0.0,0.0,37,0.0,0.0,0.0,one,SR,1
0,2967,5303,0,0,57.4989,31.4613,23.9757,0.0,0.0,3172,2255.0,0.0,0.0,14.75,20.62,0.0,0.0,17,0.0,0.0,0.0,one,SR,1
0,1931,2840,0,0,46.7246,25.5961,19.4359,0.0,0.0,2554,1784.0,0.0,0.0,11.58,16.93,0.0,0.0,15,0.0,0.0,0.0,one,SR,1
0,2205,1506,0,0,25.8059,13.3619,11.3478,0.0,0.0,1142,979.0,0.0,0.0,2.13,10.96,0.0,0.0,67,0.0,0.0,0.0,one,SR,1
0,989,8375,0,0,51.0304,25.9354,23.1036,0.0,0.0,3341,2165.0,0.0,0.0,17.16,19.91,0.0,0.0,314,0.0,0.0,0.0,one,SR,1
38,4907,9861,4555,2414,87.465,12.3892,22.1457,18.6343,33.0419,1416,1907.0,1664.0,2733.0,3.58,7.19,7.13,9.22,255,424.0,393.0,494.0,many,RT,3
0,1911,4016,0,0,25.4276,13.4668,10.8951,0.0,0.0,1431,936.0,0.0,0.0,5.43,10.66,0.0,0.0,111,0.0,0.0,0.0,one,SR,1
0,1653,4177,0,0,25.2474,14.4525,9.8034,0.0,0.0,1443,831.0,0.0,0.0,6.23,9.92,0.0,0.0,26,0.0,0.0,0.0,one,SR,1
0,3242,9987,7381,0,43.6802,18.1006,12.4748,11.4917,0.0,1135,902.0,808.0,0.0,-2.6,8.31,7.82,0.0,61,8.0,0.0,0.0,many,SR,2
0,2798,5847,0,0,55.9532,30.315,23.6061,0.0,0.0,3875,2217.0,0.0,0.0,22.4,20.32,0.0,0.0,219,0.0,0.0,0.0,one,SR,1
140,4417,4790,4544,0,36.9287,11.9755,10.1192,13.8877,0.0,1535,1078.0,817.0,0.0,7.6,6.78,6.69,0.0,156,330.0,-51.0,0.0,many,RT,2
0,1641,4205,0,0,40.5603,19.3806,19.4839,0.0,0.0,2117,1788.0,0.0,0.0,6.97,16.96,0.0,0.0,250,0.0,0.0,0.0,one,SR,1
0,1849,6468,3758,0,58.0148,25.0326,12.1047,18.8994,0.0,2298,859.0,1602.0,0.0,6.33,8.11,11.67,0.0,125,0.0,121.0,0.0,many,SR,2
0,2695,6852,0,0,58.9034,35.6246,21.4247,0.0,0.0,4725,1990.0,0.0,0.0,32.93,18.54,0.0,0.0,40,0.0,0.0,0.0,one,SR,1
0,588,8587,0,0,41.0215,18.7857,20.4601,0.0,0.0,2742,1890.0,0.0,0.0,12.81,17.76,0.0,0.0,458,0.0,0.0,0.0,one,SR,1
9,3651,2928,0,0,21.8738,9.8714,11.2803,0.0,0.0,1085,1460.0,0.0,0.0,4.89,9.22,0.0,0.0,61,472.0,0.0,0.0,one,RT,1
124,3786,9053,6378,0,103.1341,13.2261,18.3761,70.3209,0.0,1493,2026.0,3973.0,0.0,4.78,9.15,11.96,0.0,207,604.0,-355.0,0.0,many,TR,2
0,2467,5028,0,0,39.2828,19.6458,18.0572,0.0,0.0,2383,1640.0,0.0,0.0,10.8,15.8,0.0,0.0,239,0.0,0.0,0.0,one,SR,1
0,1394,5611,0,0,46.4693,25.3767,19.4031,0.0,0.0,2530,1780.0,0.0,0.0,11.36,16.9,0.0,0.0,20,0.0,0.0,0.0,one,SR,1
0,2110,5312,0,0,37.395,19.9747,16.0074,0.0,0.0,1871,1427.0,0.0,0.0,6.93,14.13,0.0,0.0,29,0.0,0.0,0.0,one,SR,1
0,3544,9400,0,0,40.0082,19.8374,18.5502,0.0,0.0,1973,1692.0,0.0,0.0,6.13,16.21,0.0,0.0,158,0.0,0.0,0.0,one,SR,1
151,1218,4201,0,0,31.4465,11.3249,19.1605,0.0,0.0,1555,2156.0,0.0,0.0,7.68,12.61,0.0,0.0,202,513.0,0.0,0.0,one,TR,1
11,4992,139,0,0,30.2915,11.985,17.4055,0.0,0.0,1096,2088.0,0.0,0.0,3.4,12.01,0.0,0.0,37,567.0,0.0,0.0,one,TR,1
0,968,1250,0,0,40.3944,21.1521,17.6915,0.0,0.0,2481,1603.0,0.0,0.0,12.09,15.51,0.0,0.0,167,0.0,0.0,0.0,one,SR,1
0,2352,5423,0,0,41.8555,22.5819,17.7204,0.0,0.0,2963,1606.0,0.0,0.0,17.13,15.53,0.0,0.0,199,0.0,0.0,0.0,one,SR,1
0,1155,6092,0,0,29.6228,15.5225,12.8988,0.0,0.0,1128,1128.0,0.0,0.0,1.03,12.01,0.0,0.0,0,0.0,0.0,0.0,one,SR,1
78,2553,6343,0,0,29.918,12.6274,16.3649,0.0,0.0,1260,1956.0,0.0,0.0,4.9,12.26,0.0,0.0,51,497.0,0.0,0.0,one,RT,1
0,3882,2053,723,0,51.3698,21.5019,13.6859,14.3739,0.0,2724,994.0,1052.0,0.0,12.33,8.88,9.2,0.0,325,0.0,0.0,0.0,many,SR,2
0,695,7991,0,0,48.2207,28.8212,17.8377,0.0,0.0,3583,1617.0,0.0,0.0,23.57,15.62,0.0,0.0,9,0.0,0.0,0.0,one,SR,1
0,805,888,0,0,36.4201,18.6978,16.2861,0.0,0.0,1836,1457.0,0.0,0.0,6.35,14.36,0.0,0.0,100,0.0,0.0,0.0,one,SR,1
0,4337,3635,0,0,31.3103,14.3712,15.5566,0.0,0.0,1837,1384.0,0.0,0.0,6.85,13.82,0.0,0.0,304,0.0,0.0,0.0,one,SR,1
0,4131,1373,0,0,36.2516,18.7696,16.0645,0.0,0.0,2017,1433.0,0.0,0.0,8.42,14.17,0.0,0.0,127,0.0,0.0,0.0,one,SR,1
0,2898,7172,0,0,32.4333,14.8132,16.1917,0.0,0.0,1599,1447.0,0.0,0.0,3.93,14.28,0.0,0.0,250,0.0,0.0,0.0,one,SR,1
0,4853,6784,0,0,31.3008,17.689,12.4414,0.0,0.0,1726,1084.0,0.0,0.0,7.59,11.7,0.0,0.0,2,0.0,0.0,0.0,one,SR,1
0,3338,3819,0,0,30.2801,13.7629,15.1615,0.0,0.0,2273,1346.0,0.0,0.0,11.67,13.56,0.0,0.0,420,0.0,0.0,0.0,one,SR,1
0,1629,4310,0,0,32.7799,18.6798,12.8978,0.0,0.0,2088,1129.0,0.0,0.0,11.1,12.02,0.0,0.0,45,0.0,0.0,0.0,one,SR,1
0,2492,8797,0,0,31.4578,15.7956,14.361,0.0,0.0,1843,1269.0,0.0,0.0,7.64,13.01,0.0,0.0,191,0.0,0.0,0.0,one,SR,1
0,3616,2883,0,0,31.2855,16.806,13.2532,0.0,0.0,1488,1163.0,0.0,0.0,4.59,12.26,0.0,0.0,23,0.0,0.0,0.0,one,SR,1
31,2736,5389,3921,956,84.2699,16.6234,22.1753,22.2062,21.8791,1181,1619.0,1631.0,1586.0,-0.07,7.67,7.69,7.5,41,168.0,176.0,163.0,many,RT,3
270,1664,6996,0,0,22.7527,8.9125,13.3139,0.0,0.0,1000,1315.0,0.0,0.0,5.76,9.26,0.0,0.0,0,259.0,0.0,0.0,one,TR,1
0,4258,10000,0,0,31.4597,16.5599,13.6474,0.0,0.0,1418,1200.0,0.0,0.0,3.62,12.52,0.0,0.0,33,0.0,0.0,0.0,one,SR,1
0,2139,7034,0,0,28.8703,15.8029,11.9309,0.0,0.0,1607,1036.0,0.0,0.0,6.65,11.36,0.0,0.0,60,0.0,0.0,0.0,one,SR,1
0,393,3463,0,0,25.989,11.874,12.912,0.0,0.0,1467,1130.0,0.0,0.0,4.58,12.03,0.0,0.0,269,0.0,0.0,0.0,one,SR,1
0,2628,5135,3481,0,62.1529,24.2235,22.6558,13.0036,0.0,2149,2149.0,936.0,0.0,2.13,14.15,8.55,0.0,274,274.0,0.0,0.0,many,SR,2
0,1850,1328,0,0,27.6738,15.5502,11.0472,0.0,0.0,1930,951.0,0.0,0.0,10.58,10.76,0.0,0.0,116,0.0,0.0,0.0,one,SR,1
0,4095,8107,0,0,28.7498,15.7728,11.8469,0.0,0.0,1850,1027.0,0.0,0.0,9.25,11.3,0.0,0.0,112,0.0,0.0,0.0,one,SR,1
0,1477,3190,0,0,21.7272,10.3381,10.3602,0.0,0.0,1384,884.0,0.0,0.0,5.27,10.29,0.0,0.0,249,0.0,0.0,0.0,one,SR,1
0,4477,4468,3400,0,39.0874,16.6857,10.4673,10.4688,0.0,1845,721.0,722.0,0.0,6.18,7.33,7.33,0.0,223,0.0,1.0,0.0,many,SR,2
0,4553,3124,0,0,23.2759,12.8623,9.4461,0.0,0.0,1291,797.0,0.0,0.0,4.85,9.67,0.0,0.0,65,0.0,0.0,0.0,one,SR,1
0,663,1485,0,0,23.7469,12.269,10.4433,0.0,0.0,1210,892.0,0.0,0.0,3.39,10.35,0.0,0.0,111,0.0,0.0,0.0,one,SR,1
0,4075,1370,0,0,28.5271,16.4587,10.9962,0.0,0.0,1692,945.0,0.0,0.0,8.12,10.72,0.0,0.0,13,0.0,0.0,0.0,one,SR,1
0,534,3984,0,0,26.9399,14.8608,11.0056,0.0,0.0,1270,947.0,0.0,0.0,3.67,10.74,0.0,0.0,5,0.0,0.0,0.0,one,SR,1
0,626,9214,0,0,24.3111,12.4261,10.8242,0.0,0.0,1726,929.0,0.0,0.0,8.58,10.61,0.0,0.0,229,0.0,0.0,0.0,one,SR,1
234,2528,4618,2813,0,65.4062,12.645,27.7932,24.0734,0.0,1102,1933.0,1875.0,0.0,3.52,8.49,7.45,0.0,0,124.0,297.0,0.0,many,RT,2
0,438,3219,0,0,25.73,14.922,9.8157,0.0,0.0,1631,832.0,0.0,0.0,8.2,9.92,0.0,0.0,43,0.0,0.0,0.0,one,SR,1
0,789,2263,0,0,23.2815,13.0915,9.2373,0.0,0.0,1441,776.0,0.0,0.0,6.56,9.53,0.0,0.0,79,0.0,0.0,0.0,one,SR,1
64,4269,4333,0,0,47.9786,6.6587,40.7794,0.0,0.0,1221,2387.0,0.0,0.0,7.96,10.4,0.0,0.0,175,-198.0,0.0,0.0,one,RT,1
0,3623,1402,0,0,21.616,11.6149,9.0606,0.0,0.0,1504,759.0,0.0,0.0,7.33,9.41,0.0,0.0,166,0.0,0.0,0.0,one,SR,1
35,3558,9329,0,0,26.1728,8.2282,17.4289,0.0,0.0,1076,1552.0,0.0,0.0,6.66,8.16,0.0,0.0,48,311.0,0.0,0.0,one,RT,1
69,283,5744,4533,4532,96.7367,16.0751,25.6361,26.8736,26.8736,1481,1452.0,2019.0,2019.0,4.05,8.31,8.24,8.24,85,-156.0,248.0,248.0,many,TR,3
184,2494,3775,592,0,53.9115,12.1888,20.255,20.255,0.0,1272,1965.0,1965.0,0.0,2.44,9.06,9.06,0.0,214,472.0,472.0,0.0,many,TR,2
23,4694,869,0,0,47.9175,19.1345,27.5921,0.0,0.0,2854,3118.0,0.0,0.0,19.25,15.91,0.0,0.0,185,747.0,0.0,0.0,one,TR,1
0,4845,5512,4279,0,50.8649,19.7678,11.5872,17.6174,0.0,1505,1001.0,1342.0,0.0,-1.23,8.14,10.79,0.0,188,137.0,11.0,0.0,many,SR,2
180,4193,2810,773,0,91.8733,13.857,25.5446,51.4421,0.0,1431,1911.0,3772.0,0.0,5.76,8.15,10.15,0.0,73,226.0,439.0,0.0,many,RT,2
195,1005,7455,2424,0,43.3611,10.8012,15.8855,15.8161,0.0,1298,1226.0,1228.0,0.0,5.9,7.29,7.29,0.0,124,159.0,164.0,0.0,many,RT,2
66,1572,1538,940,0,131.2896,13.8992,58.0985,58.2374,0.0,1269,2591.0,2620.0,0.0,3.83,11.29,11.25,0.0,47,-875.0,-856.0,0.0,many,RT,2
233,766,8178,2885,1234,93.0855,17.8381,25.6329,17.8833,30.2438,1407,2285.0,1643.0,2975.0,1.39,8.21,7.45,9.21,75,521.0,396.0,819.0,many,RT,3
0,4926,8692,0,0,32.6662,17.8702,13.55,0.0,0.0,2106,1191.0,0.0,0.0,10.9,12.46,0.0,0.0,113,0.0,0.0,0.0,one,SR,1
0,2880,6155,4614,0,49.76,22.9403,12.6714,12.4803,0.0,1983,908.0,891.0,0.0,5.81,8.39,8.29,0.0,18,0.0,0.0,0.0,many,SR,2
252,4336,9331,0,0,30.3409,9.4998,20.1649,0.0,0.0,1111,2212.0,0.0,0.0,5.58,10.76,0.0,0.0,65,597.0,0.0,0.0,one,RT,1
136,2685,3940,1551,1550,107.4311,19.8567,36.426,24.7885,24.7885,1665,2621.0,2321.0,2321.0,3.34,9.87,9.42,9.42,65,217.0,533.0,533.0,many,TR,3
0,342,4160,3385,0,40.4878,16.1303,11.4011,11.4011,0.0,1682,800.0,800.0,0.0,3.66,7.78,7.78,0.0,259,0.0,0.0,0.0,many,SR,2
136,2317,8752,4811,1177,128.6526,26.6559,27.6199,42.9207,29.0404,2106,2805.0,3306.0,2939.0,0.37,11.18,12.17,13.8,205,712.0,363.0,633.0,many,TR,3
78,3874,9967,4381,623,100.8331,23.1455,27.7553,31.9441,16.0199,1597,2496.0,2490.0,1921.0,-0.95,10.56,10.56,9.56,65,485.0,286.0,609.0,many,RT,3
0,2701,7231,4029,0,76.9188,30.675,23.3542,20.2745,0.0,1888,1888.0,1559.0,0.0,-3.71,13.99,12.16,0.0,39,39.0,0.0,0.0,many,SR,2
0,1682,8594,7838,0,64.8755,28.1294,16.9791,17.6352,0.0,2503,1273.0,1388.0,0.0,7.09,10.46,10.86,0.0,79,0.0,44.0,0.0,many,SR,2
0,3981,4349,3606,0,57.2895,24.0522,15.0284,16.2182,0.0,2182,1107.0,1411.0,0.0,5.0,9.52,10.39,0.0,157,0.0,150.0,0.0,many,SR,2
0,371,7042,3597,0,54.0789,19.5097,21.6663,10.8387,0.0,2034,1794.0,752.0,0.0,2.78,13.14,7.5,0.0,401,80.0,0.0,0.0,many,SR,2
157,3313,8656,4512,0,51.0004,16.3712,19.7821,13.7246,0.0,1788,2118.0,1661.0,0.0,8.67,9.63,8.59,0.0,63,591.0,550.0,0.0,many,TR,2
186,4645,8665,8664,400,130.2393,30.6451,29.5339,29.5339,37.8943,2341,2747.0,2747.0,2754.0,0.89,11.81,11.81,12.69,149,547.0,547.0,126.0,many,RT,3
0,4954,4293,3514,0,48.6799,22.0361,12.4921,12.4921,0.0,1703,892.0,892.0,0.0,2.95,8.3,8.3,0.0,0,0.0,0.0,0.0,many,SR,2
0,4206,205,0,0,47.8839,23.1665,22.755,0.0,0.0,2921,2128.0,0.0,0.0,13.01,19.62,0.0,0.0,354,0.0,0.0,0.0,one,SR,1
79,2283,4694,1202,580,116.6444,17.9642,46.264,31.145,19.8189,1630,4071.0,2430.0,1788.0,4.04,10.86,8.84,7.82,101,887.0,354.0,407.0,many,RT,3
0,156,5805,676,0,68.9334,24.8389,20.8219,20.7678,0.0,2054,1688.0,1603.0,0.0,-0.98,12.61,12.44,0.0,333,58.0,0.0,0.0,many,SR,2
0,2046,8832,4702,0,58.4117,25.6723,18.448,12.3506,0.0,2317,1405.0,882.0,0.0,6.86,11.17,8.24,0.0,77,6.0,1.0,0.0,many,SR,2
0,4860,3135,1702,0,67.1221,26.4028,18.9917,19.4054,0.0,1750,1509.0,1481.0,0.0,-2.52,11.55,11.67,0.0,95,47.0,0.0,0.0,many,SR,2
0,1777,7744,4187,3548,95.956,36.3524,13.6288,15.1918,27.2451,2664,989.0,1132.0,2664.0,-3.87,8.85,9.61,16.92,350,0.0,8.0,350.0,many,SR,3
39,3386,6552,0,0,58.5056,18.8527,38.0943,0.0,0.0,1965,3760.0,0.0,0.0,6.61,19.59,0.0,0.0,179,610.0,0.0,0.0,one,RT,1
182,1217,8110,2654,0,53.5716,15.263,19.2827,17.6923,0.0,1741,1906.0,1155.0,0.0,6.28,9.68,8.66,0.0,212,441.0,-45.0,0.0,many,RT,2
0,536,4868,0,0,65.9555,31.0498,32.1758,0.0,0.0,3371,3107.0,0.0,0.0,10.83,27.3,0.0,0.0,402,0.0,0.0,0.0,one,SR,1
0,2959,9551,0,0,30.6454,15.6311,13.7542,0.0,0.0,1874,1211.0,0.0,0.0,8.34,12.6,0.0,0.0,187,0.0,0.0,0.0,one,SR,1
124,3118,7143,0,0,29.3372,9.0089,19.7984,0.0,0.0,1527,2267.0,0.0,0.0,11.26,9.3,0.0,0.0,113,726.0,0.0,0.0,one,RT,1
31,1803,3922,1681,0,71.2213,14.6466,42.7953,12.8235,0.0,1698,3513.0,1127.0,0.0,9.23,9.84,6.72,0.0,55,644.0,247.0,0.0,many,TR,2
151,4719,808,0,0,41.9829,14.2035,26.8027,0.0,0.0,1407,2643.0,0.0,0.0,5.98,13.77,0.0,0.0,24,499.0,0.0,0.0,one,TR,1
0,4039,7121,4399,0,61.7013,24.5346,20.3655,14.6285,0.0,1759,1585.0,1180.0,0.0,-1.08,12.24,9.48,0.0,125,13.0,79.0,0.0,many,SR,2
0,43,9623,0,0,38.5286,19.7614,17.2525,0.0,0.0,1795,1557.0,0.0,0.0,5.22,15.15,0.0,0.0,72,0.0,0.0,0.0,one,SR,1
0,3453,7661,0,0,47.7039,22.2673,23.4194,0.0,0.0,2540,2198.0,0.0,0.0,8.51,20.17,0.0,0.0,344,0.0,0.0,0.0,one,SR,1
112,3865,5084,0,0,25.9073,11.3151,13.9789,0.0,0.0,1434,1528.0,0.0,0.0,9.54,9.13,0.0,0.0,10,406.0,0.0,0.0,one,RT,1
0,3233,2729,0,0,25.4662,12.1469,12.1673,0.0,0.0,1415,1058.0,0.0,0.0,4.49,11.52,0.0,0.0,219,0.0,0.0,0.0,one,SR,1
0,2583,9862,0,0,42.3978,23.2587,17.5971,0.0,0.0,2928,1592.0,0.0,0.0,16.86,15.42,0.0,0.0,150,0.0,0.0,0.0,one,SR,1
0,4887,1333,0,0,37.6201,18.8671,17.2391,0.0,0.0,2080,1556.0,0.0,0.0,8.21,15.14,0.0,0.0,182,0.0,0.0,0.0,one,SR,1
0,128,1488,0,0,44.9113,22.6962,20.4408,0.0,0.0,2363,1888.0,0.0,0.0,8.84,17.74,0.0,0.0,166,0.0,0.0,0.0,one,SR,1
0,3777,8868,0,0,42.9218,24.2313,17.1813,0.0,0.0,2784,1550.0,0.0,0.0,15.65,15.09,0.0,0.0,51,0.0,0.0,0.0,one,SR,1
0,3348,2323,0,0,30.6628,15.6837,13.7211,0.0,0.0,1863,1208.0,0.0,0.0,8.24,12.58,0.0,0.0,181,0.0,0.0,0.0,one,SR,1
0,2389,7031,313,0,59.8477,23.4125,15.5024,18.7759,0.0,1849,1350.0,1547.0,0.0,0.0,10.04,11.53,0.0,197,150.0,89.0,0.0,many,SR,2
162,2696,2325,1085,0,59.748,18.0858,16.7054,23.6733,0.0,1634,1583.0,2452.0,0.0,5.6,8.28,10.56,0.0,15,364.0,638.0,0.0,many,RT,2
0,617,5990,1279,0,61.3215,25.0942,14.7868,19.3369,0.0,1474,1087.0,1474.0,0.0,-3.46,9.4,11.63,0.0,-1,0.0,-1.0,0.0,many,SR,2
0,4392,2256,0,0,35.7992,18.3334,16.0492,0.0,0.0,1914,1432.0,0.0,0.0,7.35,14.17,0.0,0.0,127,0.0,0.0,0.0,one,SR,1
0,53,9015,0,0,35.3164,18.5975,15.3506,0.0,0.0,2127,1364.0,0.0,0.0,10.02,13.68,0.0,0.0,137,0.0,0.0,0.0,one,SR,1
0,1472,5225,0,0,32.4421,17.5258,13.6625,0.0,0.0,1846,1202.0,0.0,0.0,8.1,12.54,0.0,0.0,77,0.0,0.0,0.0,one,SR,1
0,184,2609,0,0,26.2667,15.3144,9.9509,0.0,0.0,1682,845.0,0.0,0.0,8.65,10.01,0.0,0.0,38,0.0,0.0,0.0,one,SR,1
0,2619,6246,0,0,30.3886,15.6462,13.4999,0.0,0.0,1686,1186.0,0.0,0.0,6.52,12.43,0.0,0.0,136,0.0,0.0,0.0,one,SR,1
0,1361,58,0,0,31.4079,16.9135,13.2674,0.0,0.0,2078,1164.0,0.0,0.0,10.78,12.27,0.0,0.0,148,0.0,0.0,0.0,one,SR,1
0,1784,2214,0,0,24.7676,12.5476,11.138,0.0,0.0,1419,959.0,0.0,0.0,5.16,10.82,0.0,0.0,165,0.0,0.0,0.0,one,SR,1
0,260,5905,0,0,25.7957,14.0236,10.7183,0.0,0.0,1101,919.0,0.0,0.0,2.08,10.54,0.0,0.0,3,0.0,0.0,0.0,one,SR,1
0,4764,7336,0,0,33.4444,18.7705,13.4357,0.0,0.0,2204,1180.0,0.0,0.0,12.0,12.38,0.0,0.0,83,0.0,0.0,0.0,one,SR,1
0,2174,9070,0,0,26.3841,12.3506,12.8355,0.0,0.0,1849,1123.0,0.0,0.0,8.63,11.98,0.0,0.0,326,0.0,0.0,0.0,one,SR,1
0,3444,7080,0,0,30.0213,16.1542,12.6805,0.0,0.0,1674,1107.0,0.0,0.0,6.9,11.87,0.0,0.0,80,0.0,0.0,0.0,one,SR,1
0,4330,9859,0,0,27.8601,12.94,13.6663,0.0,0.0,1770,1202.0,0.0,0.0,7.3,12.54,0.0,0.0,304,0.0,0.0,0.0,one,SR,1
0,779,5404,0,0,25.5811,13.7072,10.8138,0.0,0.0,1244,928.0,0.0,0.0,3.52,10.6,0.0,0.0,54,0.0,0.0,0.0,one,SR,1
227,3376,3232,0,0,27.0489,10.6513,15.831,0.0,0.0,1412,1179.0,0.0,0.0,9.73,8.67,0.0,0.0,18,60.0,0.0,0.0,one,TR,1
0,1499,2515,0,0,24.1957,12.1756,10.9509,0.0,0.0,1442,941.0,0.0,0.0,5.52,10.69,0.0,0.0,184,0.0,0.0,0.0,one,SR,1
0,2045,1867,0,0,24.98,12.8136,11.0879,0.0,0.0,1431,954.0,0.0,0.0,5.32,10.78,0.0,0.0,152,0.0,0.0,0.0,one,SR,1
0,4077,7918,0,0,23.9321,12.1524,10.7259,0.0,0.0,1395,919.0,0.0,0.0,5.16,10.54,0.0,0.0,167,0.0,0.0,0.0,one,SR,1
0,1973,9546,0,0,27.6228,14.5773,11.9112,0.0,0.0,1201,1033.0,0.0,0.0,2.4,11.34,0.0,0.0,34,0.0,0.0,0.0,one,SR,1
0,862,2586,0,0,27.0903,14.217,11.7495,0.0,0.0,1846,1018.0,0.0,0.0,9.27,11.24,0.0,0.0,191,0.0,0.0,0.0,one,SR,1
0,1376,1738,0,0,22.0696,11.0878,9.9783,0.0,0.0,1234,848.0,0.0,0.0,3.93,10.04,0.0,0.0,164,0.0,0.0,0.0,one,SR,1
184,3149,9132,7134,6871,106.0669,20.3543,26.8892,34.1444,22.8044,1263,2285.0,2645.0,2421.0,-3.61,10.05,11.15,10.55,95,378.0,282.0,654.0,many,RT,3
0,603,442,0,0,24.9318,14.4608,9.5,0.0,0.0,1522,802.0,0.0,0.0,7.24,9.71,0.0,0.0,33,0.0,0.0,0.0,one,SR,1
0,1067,7680,0,0,27.4898,15.1403,11.259,0.0,0.0,1606,971.0,0.0,0.0,7.05,10.9,0.0,0.0,73,0.0,0.0,0.0,one,SR,1
0,668,5481,0,0,21.1126,10.5784,9.5596,0.0,0.0,1270,807.0,0.0,0.0,4.56,9.75,0.0,0.0,185,0.0,0.0,0.0,one,SR,1
0,145,1285,0,0,22.0353,10.8499,10.1692,0.0,0.0,1270,866.0,0.0,0.0,4.19,10.16,0.0,0.0,191,0.0,0.0,0.0,one,SR,1
110,2477,5325,5324,3411,93.8949,15.6848,25.4993,25.4993,25.889,1887,2347.0,2347.0,2435.0,7.91,9.41,9.41,8.41,217,522.0,522.0,621.0,many,TR,3
0,4300,5753,0,0,25.8638,13.9511,10.8497,0.0,0.0,1521,932.0,0.0,0.0,6.4,10.63,0.0,0.0,104,0.0,0.0,0.0,one,SR,1
0,2546,1762,0,0,25.551,13.5698,10.914,0.0,0.0,1589,938.0,0.0,0.0,7.08,10.67,0.0,0.0,141,0.0,0.0,0.0,one,SR,1
0,247,1393,0,0,25.5727,14.6277,9.9443,0.0,0.0,1533,844.0,0.0,0.0,7.09,10.01,0.0,0.0,41,0.0,0.0,0.0,one,SR,1
140,470,9598,9597,0,84.7591,9.2141,37.3108,37.3108,0.0,1223,2613.0,2613.0,0.0,4.53,9.62,9.62,0.0,223,181.0,181.0,0.0,many,RT,2
0,1670,9532,0,0,21.8474,12.1702,8.7572,0.0,0.0,1312,730.0,0.0,0.0,5.5,9.2,0.0,0.0,84,0.0,0.0,0.0,one,SR,1
0,2405,8326,0,0,20.1626,10.3631,8.8715,0.0,0.0,1373,741.0,0.0,0.0,6.07,9.28,0.0,0.0,197,0.0,0.0,0.0,one,SR,1
252,3398,2327,1094,0,59.2631,11.6024,18.1417,28.499,0.0,1136,1577.0,2842.0,0.0,2.75,7.78,10.42,0.0,123,316.0,736.0,0.0,many,RT,2
0,80,6512,2176,0,66.9064,26.392,19.089,19.1247,0.0,2367,1453.0,1455.0,0.0,4.15,11.49,11.51,0.0,222,0.0,-1.0,0.0,many,SR,2
38,1757,9463,5799,5167,76.1531,14.5321,23.7068,21.1022,15.4641,1371,2144.0,1827.0,1359.0,2.26,8.46,8.56,7.46,176,485.0,345.0,278.0,many,RT,3
38,1660,9177,4323,0,54.484,14.8744,19.1962,19.1962,0.0,1074,2006.0,2006.0,0.0,0.32,9.09,9.09,0.0,30,553.0,553.0,0.0,many,TR,2
31,2136,8852,5443,0,68.7531,17.4646,18.6088,31.2708,0.0,1531,1733.0,2589.0,0.0,3.4,9.07,11.02,0.0,85,360.0,376.0,0.0,many,RT,2
234,4130,7856,1704,0,51.6521,11.6903,19.5579,19.5495,0.0,1077,1979.0,1981.0,0.0,3.62,7.27,7.27,0.0,26,598.0,600.0,0.0,many,TR,2
233,1277,9521,0,0,48.9714,12.6313,35.5487,0.0,0.0,1322,3403.0,0.0,0.0,6.76,12.91,0.0,0.0,0,748.0,0.0,0.0,one,TR,1
162,3458,9324,7948,2919,86.1017,15.7171,17.7501,22.8432,28.4847,1807,1761.0,2121.0,2702.0,7.21,7.43,7.29,8.35,190,499.0,560.0,720.0,many,RT,3
85,3307,5871,1732,0,60.601,16.3903,16.0728,26.9298,0.0,1495,1456.0,1679.0,0.0,4.82,8.92,9.16,0.0,38,261.0,-72.0,0.0,many,RT,2
252,2294,2875,0,0,33.6586,8.2603,24.8875,0.0,0.0,1036,1528.0,0.0,0.0,6.28,9.11,0.0,0.0,35,-97.0,0.0,0.0,one,RT,1
92,227,5983,3560,0,66.9324,18.8445,27.7802,18.6668,0.0,1040,2663.0,2431.0,0.0,-3.85,11.7,11.71,0.0,14,566.0,799.0,0.0,many,RT,2
9,1443,4916,4490,0,52.8675,12.6481,20.6543,18.5423,0.0,1432,2019.0,1529.0,0.0,5.83,8.12,8.11,0.0,134,541.0,243.0,0.0,many,RT,2
9,2879,9745,8743,0,41.653,11.982,18.1971,10.5617,0.0,1554,1669.0,1178.0,0.0,8.11,7.67,7.45,0.0,144,392.0,359.0,0.0,many,TR,2
210,1651,3885,3835,0,94.0639,17.6531,38.4546,36.8087,0.0,1919,3188.0,2828.0,0.0,9.82,10.77,10.7,0.0,36,539.0,328.0,0.0,many,TR,2
281,3440,8426,4341,0,63.4074,18.2456,21.8545,21.8826,0.0,1729,2736.0,2121.0,0.0,5.33,11.28,8.97,0.0,95,918.0,527.0,0.0,many,TR,2
14,3933,8938,2329,1342,102.6147,20.8513,35.3917,20.0666,24.4004,1654,2393.0,2238.0,2658.0,0.22,10.83,10.06,9.16,169,36.0,655.0,835.0,many,RT,3
0,710,2566,753,0,62.2763,23.5107,17.6373,18.8861,0.0,1778,1511.0,1435.0,0.0,-1.51,11.04,11.38,0.0,217,135.0,0.0,0.0,many,SR,2
150,4432,3957,2153,0,63.0473,17.5539,22.0082,22.0082,0.0,1668,2166.0,2166.0,0.0,4.22,10.38,10.38,0.0,143,492.0,492.0,0.0,many,TR,2
7,2056,6499,1055,0,103.1464,15.3253,25.1744,61.6188,0.0,1607,2454.0,3926.0,0.0,7.62,9.14,12.14,0.0,33,636.0,1.0,0.0,many,TR,2
281,3522,7030,0,0,22.1569,7.9061,13.5711,0.0,0.0,1183,1649.0,0.0,0.0,6.3,9.8,0.0,0.0,167,492.0,0.0,0.0,one,RT,1
106,4156,5511,0,0,30.095,12.088,17.2212,0.0,0.0,1370,2179.0,0.0,0.0,7.31,10.86,0.0,0.0,37,702.0,0.0,0.0,one,TR,1
215,103,5743,0,0,44.4249,14.6743,28.6233,0.0,0.0,2260,2879.0,0.0,0.0,13.58,14.27,0.0,0.0,260,582.0,0.0,0.0,one,TR,1
166,4149,8438,0,0,39.3074,9.4581,29.2135,0.0,0.0,1130,1959.0,0.0,0.0,6.14,10.36,0.0,0.0,52,-7.0,0.0,0.0,one,TR,1
162,4459,2072,1881,38,87.8383,23.7619,27.2496,17.583,17.6044,3087,2676.0,1622.0,1625.0,17.66,11.0,7.69,7.7,205,633.0,382.0,383.0,many,RT,3
49,2259,3038,0,0,34.6907,8.7145,25.2978,0.0,0.0,1119,2408.0,0.0,0.0,5.64,10.78,0.0,0.0,109,517.0,0.0,0.0,one,TR,1
0,4241,916,915,0,51.5666,21.9498,13.91,13.91,0.0,2291,1013.0,1013.0,0.0,7.88,8.98,8.98,0.0,200,0.0,0.0,0.0,many,SR,2
147,981,2240,0,0,33.5622,11.7879,20.9284,0.0,0.0,1341,2001.0,0.0,0.0,6.47,12.46,0.0,0.0,75,313.0,0.0,0.0,one,RT,1
124,4650,5597,5128,0,81.0571,18.7832,35.5635,24.8468,0.0,2182,3300.0,2988.0,0.0,6.14,13.93,12.71,0.0,376,617.0,917.0,0.0,many,RT,2
275,444,9664,6411,2859,78.7615,19.1453,18.8465,23.1956,16.0374,1465,1644.0,1652.0,1550.0,1.55,10.16,7.08,7.13,42,227.0,175.0,421.0,many,RT,3
11,1843,6801,3005,2130,99.1939,20.8461,29.216,24.7145,22.8573,2081,2270.0,2539.0,2259.0,7.81,9.15,10.25,8.19,99,300.0,674.0,629.0,many,RT,3
262,1970,3730,2137,0,62.5175,16.9947,21.7533,22.2686,0.0,1158,2374.0,2632.0,0.0,-1.35,9.67,13.34,0.0,71,705.0,720.0,0.0,many,RT,2
140,1331,4080,3935,0,54.5365,13.2507,24.7412,15.57,0.0,1260,1641.0,1754.0,0.0,4.46,8.77,7.98,0.0,41,17.0,568.0,0.0,many,TR,2
0,4433,5022,4091,0,72.6551,29.6092,19.904,20.6516,0.0,3145,1601.0,1854.0,0.0,10.61,12.08,12.82,0.0,314,55.0,190.0,0.0,many,SR,2
0,632,9749,9206,0,56.7887,23.5719,13.4345,17.8201,0.0,1491,980.0,1345.0,0.0,-2.01,8.76,10.86,0.0,16,6.0,1.0,0.0,many,SR,2
0,1635,9970,4148,0,39.9225,15.6975,11.4327,11.2376,0.0,1709,803.0,823.0,0.0,3.95,7.79,7.75,0.0,288,0.0,27.0,0.0,many,SR,2
0,3937,8439,1153,0,59.4296,22.8433,19.6745,14.7868,0.0,1787,1519.0,1087.0,0.0,-0.36,11.85,9.4,0.0,198,10.0,0.0,0.0,many,SR,2
233,2104,2405,0,0,56.3723,24.3326,30.4113,0.0,0.0,2682,3901.0,0.0,0.0,13.51,20.28,0.0,0.0,80,1047.0,0.0,0.0,one,TR,1
0,2372,1971,0,0,66.3437,33.6933,30.0906,0.0,0.0,3389,2890.0,0.0,0.0,12.55,25.6,0.0,0.0,184,0.0,0.0,0.0,one,SR,1
0,1129,5039,2664,0,42.4709,16.8881,11.5857,12.3835,0.0,1752,817.0,898.0,0.0,3.87,7.87,8.27,0.0,262,1.0,11.0,0.0,many,SR,2
0,1926,170,0,0,30.7231,15.111,14.3137,0.0,0.0,1762,1265.0,0.0,0.0,6.82,12.98,0.0,0.0,208,0.0,0.0,0.0,one,SR,1
0,2192,7569,0,0,54.5191,26.7741,25.5545,0.0,0.0,3091,2419.0,0.0,0.0,12.74,21.9,0.0,0.0,309,0.0,0.0,0.0,one,SR,1
94,1006,2655,0,0,41.7136,14.2091,26.7329,0.0,0.0,1887,1399.0,0.0,0.0,12.87,10.72,0.0,0.0,32,-361.0,0.0,0.0,one,TR,1
265,3599,5012,0,0,42.8296,17.3361,24.3684,0.0,0.0,1892,2510.0,0.0,0.0,9.74,14.25,0.0,0.0,36,482.0,0.0,0.0,one,RT,1
0,1101,9913,5945,0,82.1504,34.4214,19.6623,25.3805,0.0,2471,1504.0,2019.0,0.0,1.77,11.82,15.05,0.0,3,0.0,2.0,0.0,many,SR,2
0,4767,9697,0,0,63.2994,35.3774,25.7182,0.0,0.0,3950,2436.0,0.0,0.0,21.64,22.04,0.0,0.0,49,0.0,0.0,0.0,one,SR,1
0,1705,3497,0,0,27.1176,13.3745,12.5642,0.0,0.0,1757,1096.0,0.0,0.0,7.84,11.79,0.0,0.0,242,0.0,0.0,0.0,one,SR,1
106,969,4397,0,0,34.1023,9.5495,23.9734,0.0,0.0,1053,2009.0,0.0,0.0,5.84,9.79,0.0,0.0,3,302.0,0.0,0.0,one,TR,1
270,3297,5757,0,0,39.0848,15.9075,21.9906,0.0,0.0,1434,2589.0,0.0,0.0,4.38,14.87,0.0,0.0,40,627.0,0.0,0.0,one,TR,1
0,3265,9418,0,0,25.2089,13.6218,10.5454,0.0,0.0,1267,902.0,0.0,0.0,3.93,10.42,0.0,0.0,55,0.0,0.0,0.0,one,SR,1
0,3537,2159,0,0,53.9448,29.4669,22.5336,0.0,0.0,3414,2105.0,0.0,0.0,18.35,19.44,0.0,0.0,120,0.0,0.0,0.0,one,SR,1
165,3731,678,0,0,29.139,9.1307,19.4247,0.0,0.0,1161,2142.0,0.0,0.0,6.94,8.84,0.0,0.0,51,664.0,0.0,0.0,one,TR,1
180,3274,2938,0,0,30.6892,9.5464,20.6031,0.0,0.0,1160,1256.0,0.0,0.0,7.32,8.4,0.0,0.0,8,-86.0,0.0,0.0,one,TR,1
0,3140,5005,0,0,42.7507,21.5294,19.5224,0.0,0.0,2467,1792.0,0.0,0.0,10.61,16.99,0.0,0.0,215,0.0,0.0,0.0,one,SR,1
0,363,8946,0,0,45.9673,23.9604,20.2483,0.0,0.0,2588,1868.0,0.0,0.0,11.35,17.59,0.0,0.0,141,0.0,0.0,0.0,one,SR,1
140,3164,1986,0,0,20.8969,9.9255,10.3772,0.0,0.0,1124,1131.0,0.0,0.0,6.45,7.94,0.0,0.0,6,307.0,0.0,0.0,one,RT,1
0,2428,6928,0,0,20.1383,9.7393,9.433,0.0,0.0,1284,795.0,0.0,0.0,4.79,9.66,0.0,0.0,229,0.0,0.0,0.0,one,SR,1
0,1889,3332,0,0,32.525,16.0136,15.1558,0.0,0.0,2018,1346.0,0.0,0.0,8.99,13.56,0.0,0.0,244,0.0,0.0,0.0,one,SR,1
0,902,6973,0,0,46.6724,28.243,16.9405,0.0,0.0,3714,1524.0,0.0,0.0,25.6,14.89,0.0,0.0,34,0.0,0.0,0.0,one,SR,1
0,143,6970,0,0,32.7755,14.4503,16.8443,0.0,0.0,1849,1514.0,0.0,0.0,6.09,14.81,0.0,0.0,350,0.0,0.0,0.0,one,SR,1
0,1299,9929,0,0,33.7979,17.4955,14.9602,0.0,0.0,1782,1327.0,0.0,0.0,6.63,13.42,0.0,0.0,107,0.0,0.0,0.0,one,SR,1
118,1831,3449,0,0,36.6222,17.9822,17.4286,0.0,0.0,2529,2440.0,0.0,0.0,15.65,16.11,0.0,0.0,184,660.0,0.0,0.0,one,RT,1
0,1247,9582,0,0,38.4641,20.3158,16.6806,0.0,0.0,2473,1497.0,0.0,0.0,12.76,14.68,0.0,0.0,170,0.0,0.0,0.0,one,SR,1
0,3590,7305,6423,0,56.0893,22.9786,16.5447,14.6037,0.0,2650,1279.0,1071.0,0.0,10.16,10.31,9.31,0.0,304,32.0,0.0,0.0,many,SR,2
0,3652,927,0,0,32.4775,18.1903,13.0737,0.0,0.0,1943,1145.0,0.0,0.0,9.48,12.14,0.0,0.0,44,0.0,0.0,0.0,one,SR,1
224,3866,8942,3747,1859,87.385,12.0298,26.2249,23.9277,23.9277,1249,2055.0,1840.0,1840.0,1.64,8.25,7.25,7.25,247,306.0,285.0,285.0,many,RT,3
0,4922,7816,2929,0,47.6258,17.5749,13.8076,14.4131,0.0,2014,1105.0,1055.0,0.0,4.68,9.08,9.22,0.0,387,75.0,0.0,0.0,many,SR,2
181,2575,5764,3789,0,39.2565,14.6061,9.9821,13.7141,0.0,1976,1115.0,1068.0,0.0,12.16,7.34,7.2,0.0,118,340.0,136.0,0.0,many,TR,2
0,4781,5915,0,0,30.1797,14.9468,13.9593,0.0,0.0,1477,1230.0,0.0,0.0,4.05,12.74,0.0,0.0,142,0.0,0.0,0.0,one,SR,1
203,3539,1826,0,0,24.1755,10.9857,12.4797,0.0,0.0,1111,1661.0,0.0,0.0,5.27,10.1,0.0,0.0,2,538.0,0.0,0.0,one,RT,1
0,4850,6101,0,0,24.2636,12.0011,11.1777,0.0,0.0,1409,963.0,0.0,0.0,5.03,10.85,0.0,0.0,193,0.0,0.0,0.0,one,SR,1
0,3061,2579,0,0,29.4471,16.413,11.8998,0.0,0.0,1903,1033.0,0.0,0.0,9.77,11.34,0.0,0.0,92,0.0,0.0,0.0,one,SR,1
0,78,788,0,0,31.2978,17.8675,12.2712,0.0,0.0,1973,1068.0,0.0,0.0,10.28,11.59,0.0,0.0,42,0.0,0.0,0.0,one,SR,1
0,2031,1879,7,0,41.0193,16.6669,11.3335,11.4615,0.0,1897,798.0,820.0,0.0,5.9,7.75,7.83,0.0,279,3.0,11.0,0.0,many,SR,2
0,216,2801,0,0,28.0746,15.9047,11.0907,0.0,0.0,1517,955.0,0.0,0.0,6.22,10.79,0.0,0.0,7,0.0,0.0,0.0,one,SR,1
0,2086,3876,0,0,21.7152,10.7518,9.9613,0.0,0.0,1437,846.0,0.0,0.0,6.07,10.02,0.0,0.0,226,0.0,0.0,0.0,one,SR,1
0,2330,9293,0,0,21.9218,12.1205,8.8734,0.0,0.0,1397,741.0,0.0,0.0,6.32,9.28,0.0,0.0,109,0.0,0.0,0.0,one,SR,1
0,4083,2701,0,0,23.3589,13.4338,8.9887,0.0,0.0,1463,753.0,0.0,0.0,6.93,9.36,0.0,0.0,58,0.0,0.0,0.0,one,SR,1
262,906,696,658,0,123.9712,10.5059,73.9635,38.5023,0.0,1613,3267.0,2910.0,0.0,7.94,12.08,9.92,0.0,277,-1099.0,352.0,0.0,many,RT,2
0,2964,6171,0,0,20.6957,11.1684,8.6163,0.0,0.0,1154,717.0,0.0,0.0,3.92,9.11,0.0,0.0,98,0.0,0.0,0.0,one,SR,1
11,830,7912,4599,4048,95.5831,21.3474,23.2457,25.0031,24.3414,1856,1754.0,1961.0,2297.0,4.68,8.08,9.2,9.18,64,209.0,243.0,546.0,many,RT,3
121,965,5422,5421,2577,74.9743,18.6522,18.3949,18.3949,17.9582,1319,1762.0,1762.0,1781.0,-0.32,8.25,8.25,8.25,54,432.0,432.0,467.0,many,RT,3
140,3951,4905,3129,0,99.2539,11.4915,43.4682,43.4456,0.0,1086,2421.0,2428.0,0.0,3.76,9.23,9.25,0.0,36,-241.0,-235.0,0.0,many,RT,2
38,3863,2104,1339,1169,87.4457,14.2086,23.4034,21.8568,26.6613,1843,2530.0,2349.0,2205.0,7.51,8.39,8.39,8.39,282,814.0,739.0,401.0,many,RT,3
157,3438,1945,109,0,78.1386,16.3886,41.2692,19.4223,0.0,1885,3029.0,2226.0,0.0,10.27,10.35,9.24,0.0,53,300.0,713.0,0.0,many,TR,2
117,2654,9615,182,0,84.011,12.2102,18.968,51.8944,0.0,1387,1507.0,2386.0,0.0,6.12,8.64,9.74,0.0,107,181.0,-682.0,0.0,many,RT,2
38,3740,9742,6488,4108,114.8308,23.2004,28.2643,29.275,31.6528,2624,2201.0,3299.0,2569.0,5.61,11.13,13.13,12.13,514,197.0,944.0,291.0,many,TR,3
175,2830,4375,0,0,27.5585,8.7139,18.2638,0.0,0.0,1066,1798.0,0.0,0.0,5.97,9.81,0.0,0.0,51,395.0,0.0,0.0,one,TR,1
114,1271,8871,8041,5818,113.4995,21.8295,27.9077,25.2475,36.6107,2101,2675.0,2806.0,3073.0,4.92,10.35,10.35,11.35,216,632.0,861.0,505.0,many,TR,3
247,3954,7962,5016,0,43.9947,12.7314,15.6637,14.5263,0.0,1522,1672.0,1502.0,0.0,6.32,8.32,7.42,0.0,174,482.0,439.0,0.0,many,RT,2
165,4539,6087,4576,0,89.5559,22.1556,43.3885,22.0158,0.0,1901,3550.0,2235.0,0.0,2.0,16.72,10.24,0.0,198,328.0,554.0,0.0,many,RT,2
168,4830,7895,6419,0,55.1847,12.8851,21.6496,19.4197,0.0,1203,2298.0,2175.0,0.0,1.56,9.09,9.21,0.0,170,675.0,673.0,0.0,many,RT,2
0,1428,3735,2799,0,46.9864,18.3709,14.7862,12.0773,0.0,1834,1100.0,857.0,0.0,3.49,9.42,8.1,0.0,268,10.0,0.0,0.0,many,SR,2
66,3056,6640,3765,0,92.474,20.8151,35.5719,34.4054,0.0,1639,4071.0,3858.0,0.0,2.07,15.28,11.54,0.0,61,1177.0,1232.0,0.0,many,TR,2
120,1450,5369,4136,0,57.8291,10.8004,22.6388,23.484,0.0,1132,2003.0,2154.0,0.0,3.73,8.27,8.79,0.0,110,429.0,488.0,0.0,many,RT,2
106,400,1088,0,0,28.9229,9.861,18.3673,0.0,0.0,1205,1849.0,0.0,0.0,6.4,9.95,0.0,0.0,75,425.0,0.0,0.0,one,RT,1
85,1448,5493,4090,0,56.3806,13.1564,11.5451,30.5803,0.0,1112,1198.0,2800.0,0.0,1.79,7.67,9.32,0.0,73,320.0,657.0,0.0,many,RT,2
157,3957,4331,3682,0,88.9191,13.5703,47.4225,26.9993,0.0,1515,2727.0,2251.0,0.0,7.56,9.73,8.54,0.0,58,-199.0,415.0,0.0,many,RT,2
247,4367,9117,0,0,25.4229,11.5892,13.0712,0.0,0.0,1179,1624.0,0.0,0.0,5.52,9.62,0.0,0.0,10,503.0,0.0,0.0,one,TR,1
243,4114,9407,0,0,37.6273,10.8675,25.9755,0.0,0.0,1102,2257.0,0.0,0.0,4.51,11.84,0.0,0.0,42,315.0,0.0,0.0,one,TR,1
184,2446,7131,3580,1214,93.6606,17.6203,44.3864,11.5935,18.4159,1425,3576.0,1141.0,1867.0,0.16,12.92,7.22,8.31,166,479.0,292.0,513.0,many,RT,3
266,310,184,0,0,30.4704,10.6182,18.9102,0.0,0.0,1476,1949.0,0.0,0.0,7.02,12.42,0.0,0.0,213,366.0,0.0,0.0,one,TR,1
136,4368,8858,7694,1508,121.6964,25.9205,24.2148,25.1295,44.4492,2110,2510.0,2058.0,3284.0,4.31,10.58,9.38,11.87,38,659.0,307.0,289.0,many,RT,3
0,2580,6059,5746,5031,69.6489,27.1984,11.1846,11.5752,17.0285,1491,781.0,1014.0,1491.0,-8.3,7.67,8.16,10.8,158,0.0,147.0,158.0,many,SR,3
136,652,9840,1160,1035,112.0487,28.976,20.4025,49.6467,10.7575,2931,1345.0,3191.0,982.0,10.38,8.41,15.75,7.51,193,-5.0,-206.0,189.0,many,RT,3
262,1769,9051,7205,1471,118.7793,20.048,33.6071,35.1276,27.868,1735,3277.0,2122.0,2967.0,-0.94,11.1,11.1,11.1,337,820.0,-183.0,835.0,many,TR,3
164,3668,7438,5398,621,104.9062,30.5232,18.2231,26.9445,27.0635,3491,1612.0,2685.0,2686.0,17.29,8.91,10.9,11.71,180,288.0,659.0,617.0,many,RT,3
85,4793,1843,1378,0,49.9211,12.7976,16.7771,19.1751,0.0,1228,2024.0,1828.0,0.0,2.35,9.87,8.85,0.0,152,643.0,421.0,0.0,many,RT,2
0,4437,9908,9907,0,54.6062,24.027,14.3697,14.3697,0.0,2081,1051.0,1051.0,0.0,5.29,9.2,9.2,0.0,64,0.0,0.0,0.0,many,SR,2
186,3273,6013,5407,1806,142.0345,34.542,36.3163,34.0125,34.3955,2652,2575.0,2469.0,2752.0,2.93,12.62,11.84,14.23,76,58.0,115.0,215.0,many,RT,3
157,1500,9516,5873,0,37.7261,10.6085,12.8546,13.3445,0.0,1285,1109.0,1343.0,0.0,5.23,6.66,7.53,0.0,160,234.0,360.0,0.0,many,RT,2
184,3211,4501,2992,1781,85.9547,20.6876,15.9698,28.8098,18.4994,1475,1718.0,2893.0,2057.0,-2.41,9.87,11.54,9.47,178,433.0,711.0,609.0,many,RT,3
164,1375,2747,0,0,40.8607,10.1897,30.009,0.0,0.0,1199,2569.0,0.0,0.0,6.63,10.62,0.0,0.0,41,437.0,0.0,0.0,one,RT,1
0,633,8100,0,0,57.2601,32.0203,23.2383,0.0,0.0,3519,2178.0,0.0,0.0,18.94,20.02,0.0,0.0,35,0.0,0.0,0.0,one,SR,1
260,2193,5778,5777,458,108.3822,22.8279,29.8986,29.8986,23.6206,3037,2083.0,2083.0,2678.0,12.66,11.12,11.12,10.12,481,26.0,26.0,843.0,many,RT,3
69,2219,6733,0,0,45.0786,19.3047,24.6467,0.0,0.0,2306,2886.0,0.0,0.0,14.07,14.27,0.0,0.0,24,772.0,0.0,0.0,one,TR,1
223,595,541,0,0,24.674,9.2653,14.8316,0.0,0.0,1230,1737.0,0.0,0.0,7.72,8.77,0.0,0.0,56,552.0,0.0,0.0,one,RT,1
0,2357,1009,0,0,49.9128,27.0797,21.0126,0.0,0.0,2949,1947.0,0.0,0.0,14.58,18.2,0.0,0.0,85,0.0,0.0,0.0,one,SR,1
0,3681,6150,0,0,39.9701,21.5947,16.8905,0.0,0.0,2282,1519.0,0.0,0.0,10.6,14.85,0.0,0.0,68,0.0,0.0,0.0,one,SR,1
281,1243,4089,2295,0,49.4212,16.8264,19.735,11.5462,0.0,1497,2328.0,1230.0,0.0,3.9,10.84,7.29,0.0,66,707.0,363.0,0.0,many,TR,2
72,2542,8249,0,0,34.3634,12.2196,21.2597,0.0,0.0,1311,2650.0,0.0,0.0,5.81,11.84,0.0,0.0,64,850.0,0.0,0.0,one,RT,1
0,1663,6461,3786,0,49.7399,18.0859,11.4624,18.2234,0.0,1842,1154.0,1583.0,0.0,1.63,8.32,11.36,0.0,388,258.0,151.0,0.0,many,SR,2
0,300,4803,0,0,37.1221,16.4582,19.0065,0.0,0.0,1960,1739.0,0.0,0.0,5.66,16.57,0.0,0.0,352,0.0,0.0,0.0,one,SR,1
277,3472,3245,0,0,38.7584,16.9656,20.621,0.0,0.0,1914,2633.0,0.0,0.0,9.55,15.72,0.0,0.0,83,687.0,0.0,0.0,one,TR,1
0,3925,1038,0,0,42.9079,22.332,18.9255,0.0,0.0,2620,1730.0,0.0,0.0,12.66,16.5,0.0,0.0,183,0.0,0.0,0.0,one,SR,1
176,4536,4208,3737,0,49.4835,13.4978,17.3156,17.7681,0.0,1313,1553.0,1296.0,0.0,5.67,8.46,7.56,0.0,5,303.0,116.0,0.0,many,RT,2
0,3258,5989,0,0,36.6834,16.982,18.1169,0.0,0.0,2230,1646.0,0.0,0.0,9.15,15.84,0.0,0.0,349,0.0,0.0,0.0,one,SR,1
0,2536,6315,0,0,38.9079,18.8421,18.4538,0.0,0.0,2453,1681.0,0.0,0.0,11.25,16.12,0.0,0.0,313,0.0,0.0,0.0,one,SR,1
152,3796,3807,0,0,28.3205,10.2744,17.3897,0.0,0.0,1120,1582.0,0.0,0.0,5.85,9.56,0.0,0.0,16,272.0,0.0,0.0,one,TR,1
246,556,6672,5612,2768,82.664,20.8276,25.9498,16.1553,17.5681,1740,2315.0,1723.0,2115.0,-1.2,10.48,8.85,10.3,313,426.0,476.0,660.0,many,RT,3
120,2793,9426,0,0,26.3048,11.2954,14.2653,0.0,0.0,1152,1484.0,0.0,0.0,5.4,9.44,0.0,0.0,11,343.0,0.0,0.0,one,RT,1
0,4704,9728,0,0,39.1866,22.3402,15.4696,0.0,0.0,2833,1376.0,0.0,0.0,17.36,13.77,0.0,0.0,99,0.0,0.0,0.0,one,SR,1
0,2490,8008,0,0,35.825,19.0563,15.3968,0.0,0.0,2074,1369.0,0.0,0.0,9.43,13.72,0.0,0.0,103,0.0,0.0,0.0,one,SR,1
0,2213,4840,0,0,35.6028,19.6501,14.6332,0.0,0.0,2259,1295.0,0.0,0.0,11.84,13.2,0.0,0.0,87,0.0,0.0,0.0,one,SR,1
0,2114,3237,0,0,33.8069,18.7298,13.8127,0.0,0.0,1781,1217.0,0.0,0.0,7.32,12.64,0.0,0.0,4,0.0,0.0,0.0,one,SR,1
0,4388,9043,0,0,29.9214,16.0175,12.7145,0.0,0.0,1455,1111.0,0.0,0.0,4.57,11.89,0.0,0.0,40,0.0,0.0,0.0,one,SR,1
0,3831,961,0,0,31.0234,19.1031,10.8573,0.0,0.0,2310,932.0,0.0,0.0,14.69,10.63,0.0,0.0,5,0.0,0.0,0.0,one,SR,1
0,1451,902,0,0,26.2573,13.1769,11.9432,0.0,0.0,1614,1037.0,0.0,0.0,6.71,11.37,0.0,0.0,201,0.0,0.0,0.0,one,SR,1
231,3674,6264,0,0,42.9429,8.8945,33.5256,0.0,0.0,1044,1917.0,0.0,0.0,6.26,10.23,0.0,0.0,9,-234.0,0.0,0.0,one,RT,1
277,1558,5947,1367,0,66.6718,24.846,30.6487,9.167,0.0,2046,4318.0,1124.0,0.0,3.39,19.03,9.07,0.0,94,1431.0,305.0,0.0,many,RT,2
193,4666,9918,9917,0,80.6062,15.1292,32.0006,32.0006,0.0,2570,2490.0,2490.0,0.0,13.7,11.38,11.38,0.0,471,246.0,246.0,0.0,many,RT,2
173,4905,6809,0,0,37.2114,9.097,27.5951,0.0,0.0,1336,2019.0,0.0,0.0,9.35,9.19,0.0,0.0,61,170.0,0.0,0.0,one,RT,1
263,878,9817,9806,2558,144.0027,21.9621,26.9869,30.5254,62.5432,1772,2467.0,3010.0,2790.0,0.74,10.65,10.53,12.68,175,493.0,773.0,-984.0,many,RT,3
272,2160,7424,7423,0,61.0756,12.7037,23.6981,23.6981,0.0,1193,2356.0,2356.0,0.0,3.74,8.88,8.88,0.0,56,637.0,637.0,0.0,many,RT,2
78,158,8336,4640,0,50.6711,13.0894,17.2511,19.2999,0.0,1027,1528.0,1758.0,0.0,1.51,8.18,8.13,0.0,25,299.0,392.0,0.0,many,RT,2
98,105,7201,7200,0,79.0779,14.4425,31.7578,31.7578,0.0,1228,2413.0,2413.0,0.0,2.82,9.6,9.6,0.0,40,277.0,277.0,0.0,many,RT,2
243,2457,9529,9347,0,56.6449,17.7446,12.2648,25.2225,0.0,1234,972.0,2804.0,0.0,0.24,7.87,11.26,0.0,6,95.0,818.0,0.0,many,RT,2
39,4297,8368,7839,0,68.3523,17.4613,24.6123,24.643,0.0,1759,2572.0,2568.0,0.0,3.75,11.18,11.18,0.0,244,663.0,658.0,0.0,many,RT,2
7,3921,6233,0,0,23.6528,10.0257,13.047,0.0,0.0,1220,1535.0,0.0,0.0,7.59,8.8,0.0,0.0,15,470.0,0.0,0.0,one,TR,1
252,1340,2407,1347,0,78.1052,21.4071,24.9269,30.318,0.0,2147,2688.0,2535.0,0.0,9.47,11.27,11.27,0.0,33,738.0,365.0,0.0,many,TR,2
35,163,7430,789,0,50.7309,12.7233,17.0561,19.9485,0.0,1059,1689.0,2204.0,0.0,2.09,7.98,9.05,0.0,38,447.0,680.0,0.0,many,RT,2
181,3091,5420,0,0,43.3065,16.5737,25.8155,0.0,0.0,2028,2145.0,0.0,0.0,13.04,13.17,0.0,0.0,7,170.0,0.0,0.0,one,TR,1
166,4843,8126,1799,0,59.6388,9.1404,25.9221,23.6681,0.0,1325,2078.0,1652.0,0.0,5.74,8.48,8.6,0.0,242,328.0,83.0,0.0,many,RT,2
117,1623,5086,0,0,36.8403,9.5793,26.5212,0.0,0.0,1202,2274.0,0.0,0.0,5.96,11.4,0.0,0.0,111,324.0,0.0,0.0,one,TR,1
22,4856,5848,0,0,32.3315,10.6066,21.0289,0.0,0.0,1506,1896.0,0.0,0.0,9.55,9.96,0.0,0.0,103,339.0,0.0,0.0,one,RT,1
166,2048,1331,0,0,36.7701,9.3817,26.7858,0.0,0.0,1052,2746.0,0.0,0.0,5.62,10.03,0.0,0.0,23,756.0,0.0,0.0,one,RT,1
39,2156,5504,0,0,37.0682,11.7052,24.3588,0.0,0.0,1221,3025.0,0.0,0.0,3.78,14.04,0.0,0.0,129,908.0,0.0,0.0,one,TR,1
26,2988,6927,5088,2997,147.6642,32.132,29.7654,37.5425,45.9549,3021,2607.0,3215.0,2649.0,11.3,11.59,12.4,12.71,47,434.0,528.0,-332.0,many,RT,3
0,648,7301,5693,0,74.9319,29.4423,26.7315,16.1274,0.0,3002,2405.0,1200.0,0.0,7.84,16.26,10.04,0.0,358,195.0,0.0,0.0,many,SR,2
157,3364,9307,5887,0,58.2464,12.5272,24.2773,20.4141,0.0,1209,2656.0,1989.0,0.0,3.44,10.1,8.18,0.0,94,796.0,525.0,0.0,many,RT,2
136,4597,6158,2742,0,61.1262,11.1129,25.0678,23.7787,0.0,1629,2918.0,2168.0,0.0,6.6,9.51,9.15,0.0,328,998.0,469.0,0.0,many,RT,2
52,3163,4443,2269,0,53.3449,15.3918,11.6424,24.9636,0.0,1335,1190.0,2426.0,0.0,1.89,7.84,11.63,0.0,122,301.0,508.0,0.0,many,RT,2
0,4080,5035,569,0,54.9106,22.5499,20.0259,10.3942,0.0,1626,1592.0,714.0,0.0,-0.39,12.12,7.29,0.0,90,40.0,0.0,0.0,many,SR,2
0,2722,1272,0,0,56.0942,26.1374,27.5993,0.0,0.0,3535,2632.0,0.0,0.0,15.9,23.57,0.0,0.0,521,0.0,0.0,0.0,one,SR,1
0,1632,7684,0,0,65.6959,31.9601,31.0938,0.0,0.0,3735,2995.0,0.0,0.0,15.44,26.42,0.0,0.0,392,0.0,0.0,0.0,one,SR,1
86,1293,9690,0,0,49.4308,18.6019,29.744,0.0,0.0,2125,3201.0,0.0,0.0,12.55,14.85,0.0,0.0,1,764.0,0.0,0.0,one,RT,1
0,507,5219,0,0,52.4949,25.208,25.1309,0.0,0.0,3210,2375.0,0.0,0.0,14.3,21.56,0.0,0.0,402,0.0,0.0,0.0,one,SR,1
0,436,3418,0,0,52.4514,28.3748,22.1621,0.0,0.0,3000,2067.0,0.0,0.0,14.27,19.15,0.0,0.0,72,0.0,0.0,0.0,one,SR,1
0,3662,5600,0,0,55.3993,30.5863,22.8436,0.0,0.0,4215,2137.0,0.0,0.0,26.53,19.69,0.0,0.0,250,0.0,0.0,0.0,one,SR,1
50,4414,6503,6360,4707,71.2563,15.723,19.258,17.3129,17.3167,1647,2384.0,1307.0,1307.0,2.48,11.63,7.41,7.41,316,738.0,153.0,153.0,many,RT,3
78,1603,141,0,0,36.2426,13.5298,21.7368,0.0,0.0,1315,2726.0,0.0,0.0,5.02,12.76,0.0,0.0,39,847.0,0.0,0.0,one,TR,1
147,2561,1459,0,0,36.2351,12.2847,23.1052,0.0,0.0,1339,1818.0,0.0,0.0,6.45,11.45,0.0,0.0,48,111.0,0.0,0.0,one,TR,1
277,3837,9646,0,0,23.4387,6.886,15.7995,0.0,0.0,1280,1633.0,0.0,0.0,6.66,10.53,0.0,0.0,278,342.0,0.0,0.0,one,RT,1
50,3122,8803,7996,1687,110.9852,30.2126,29.6121,18.7542,29.883,2133,2800.0,2096.0,2702.0,-0.31,12.45,9.32,12.45,74,557.0,635.0,465.0,many,TR,3
38,2318,9761,4266,0,98.4602,12.5368,18.2794,66.6262,0.0,1199,1345.0,3133.0,0.0,3.43,8.04,12.14,0.0,86,110.0,-871.0,0.0,many,RT,2
0,3231,343,0,0,41.1812,24.0775,15.7106,0.0,0.0,3266,1399.0,0.0,0.0,21.76,13.93,0.0,0.0,110,0.0,0.0,0.0,one,SR,1
0,828,5339,0,0,44.5483,24.0425,18.8602,0.0,0.0,2693,1724.0,0.0,0.0,13.47,16.46,0.0,0.0,106,0.0,0.0,0.0,one,SR,1
0,114,8296,0,0,28.2073,14.2421,12.7722,0.0,0.0,1523,1116.0,0.0,0.0,5.25,11.93,0.0,0.0,151,0.0,0.0,0.0,one,SR,1
0,2630,3199,0,0,41.2151,21.6879,17.9553,0.0,0.0,2655,1630.0,0.0,0.0,13.73,15.72,0.0,0.0,187,0.0,0.0,0.0,one,SR,1
0,2930,1372,0,0,33.6272,15.5717,16.5941,0.0,0.0,2099,1489.0,0.0,0.0,8.89,14.61,0.0,0.0,336,0.0,0.0,0.0,one,SR,1
0,33,5382,0,0,35.9502,17.4726,16.9849,0.0,0.0,2008,1529.0,0.0,0.0,7.65,14.93,0.0,0.0,230,0.0,0.0,0.0,one,SR,1
0,420,8873,0,0,23.5912,13.5031,9.1418,0.0,0.0,1195,767.0,0.0,0.0,4.03,9.46,0.0,0.0,0,0.0,0.0,0.0,one,SR,1
0,1326,7532,0,0,33.2743,17.5179,14.4488,0.0,0.0,1591,1278.0,0.0,0.0,4.94,13.08,0.0,0.0,47,0.0,0.0,0.0,one,SR,1
0,829,4033,0,0,35.1002,19.2994,14.4904,0.0,0.0,1994,1282.0,0.0,0.0,9.14,13.1,0.0,0.0,43,0.0,0.0,0.0,one,SR,1
0,2108,5494,0,0,35.1072,18.986,14.791,0.0,0.0,2447,1310.0,0.0,0.0,13.72,13.3,0.0,0.0,169,0.0,0.0,0.0,one,SR,1
247,1393,9539,2367,0,47.954,15.0191,11.4621,20.3298,0.0,1781,1352.0,2190.0,0.0,8.41,8.64,9.79,0.0,143,403.0,617.0,0.0,many,RT,2
0,3778,9702,0,0,23.8051,10.9207,11.7599,0.0,0.0,1456,1019.0,0.0,0.0,5.17,11.24,0.0,0.0,280,0.0,0.0,0.0,one,SR,1
213,2652,7650,0,0,21.8136,10.8892,10.1387,0.0,0.0,1036,1114.0,0.0,0.0,3.81,9.86,0.0,0.0,27,216.0,0.0,0.0,one,RT,1
75,3609,6267,0,0,19.3663,8.9709,9.6442,0.0,0.0,1600,1230.0,0.0,0.0,10.04,9.51,0.0,0.0,237,348.0,0.0,0.0,one,RT,1
0,4139,5904,0,0,21.2272,11.6353,8.6768,0.0,0.0,1218,723.0,0.0,0.0,4.55,9.15,0.0,0.0,89,0.0,0.0,0.0,one,SR,1
0,3671,1911,0,0,24.0061,13.8958,9.1626,0.0,0.0,1627,769.0,0.0,0.0,8.55,9.48,0.0,0.0,75,0.0,0.0,0.0,one,SR,1
117,1661,5733,4653,3930,88.1509,14.8751,21.3876,22.7609,27.9036,1621,1929.0,2587.0,2355.0,6.01,8.07,9.07,9.09,154,436.0,858.0,432.0,many,TR,3
97,3057,9969,7909,0,81.7027,17.9411,29.3251,33.4749,0.0,2490,2060.0,2623.0,0.0,17.49,9.81,9.8,0.0,58,95.0,358.0,0.0,many,RT,2
79,3830,8599,8036,7601,99.8428,17.2866,38.2664,22.7927,20.0732,1732,3257.0,2648.0,1781.0,5.37,9.63,9.87,7.74,146,656.0,869.0,393.0,many,RT,3
164,1879,6573,5722,0,89.115,16.6849,34.4158,36.5135,0.0,1892,2687.0,3844.0,0.0,6.36,11.5,12.51,0.0,250,288.0,1078.0,0.0,many,TR,2
0,3702,9199,6386,0,59.2304,21.8434,20.289,14.9264,0.0,1763,1602.0,1099.0,0.0,-1.03,12.24,9.47,0.0,268,30.0,0.0,0.0,many,SR,2
49,613,9162,3476,0,46.7004,12.6395,17.919,15.2728,0.0,1267,1522.0,1458.0,0.0,5.48,7.25,7.44,0.0,25,306.0,368.0,0.0,many,RT,2
233,1685,8688,4876,3787,95.1356,21.6612,16.2799,14.5692,40.665,2133,1287.0,1554.0,3539.0,4.75,8.39,8.39,13.81,259,139.0,434.0,580.0,many,RT,3
252,4871,6099,3755,0,55.7932,13.2517,16.713,24.7416,0.0,1831,1788.0,2237.0,0.0,9.44,8.43,9.43,0.0,221,522.0,467.0,0.0,many,TR,2
181,1758,5442,0,0,42.97,14.6625,27.3824,0.0,0.0,1661,2630.0,0.0,0.0,9.11,13.25,0.0,0.0,31,486.0,0.0,0.0,one,RT,1
88,1547,1755,129,0,81.7498,11.3947,37.5872,31.8784,0.0,1114,2029.0,2856.0,0.0,3.69,9.44,9.46,0.0,67,-295.0,636.0,0.0,many,RT,2
0,450,6834,15,0,57.756,23.5158,16.1,16.132,0.0,1711,1198.0,1200.0,0.0,-0.11,10.03,10.05,0.0,90,0.0,-1.0,0.0,many,SR,2
140,1701,8490,2822,0,91.3483,14.3103,52.2441,23.7699,0.0,1656,3108.0,2645.0,0.0,8.17,10.1,10.14,0.0,96,-132.0,809.0,0.0,many,TR,2
263,2707,9417,7064,65,102.3854,25.9256,28.6519,21.14,24.7427,2238,2588.0,2120.0,2338.0,6.17,11.8,8.74,9.71,39,460.0,571.0,536.0,many,RT,3
0,2132,2895,1942,0,98.3888,39.1137,25.2717,30.6941,0.0,2727,2006.0,2535.0,0.0,-1.15,14.98,18.12,0.0,108,0.0,31.0,0.0,many,SR,2
0,2521,3911,3910,0,49.966,18.8504,14.6254,14.6254,0.0,1784,1073.0,1073.0,0.0,1.95,9.32,9.32,0.0,285,0.0,0.0,0.0,many,SR,2
0,2820,5685,1155,0,79.9464,30.1849,21.635,25.3137,0.0,2357,1681.0,2122.0,0.0,-0.57,12.93,15.2,0.0,263,0.0,81.0,0.0,many,SR,2
0,212,4637,1930,0,46.9826,19.4106,12.9347,12.9347,0.0,1735,930.0,930.0,0.0,2.89,8.51,8.51,0.0,167,0.0,0.0,0.0,many,SR,2
262,4233,5986,0,0,57.1038,15.6164,40.2407,0.0,0.0,1614,3361.0,0.0,0.0,5.73,17.47,0.0,0.0,124,287.0,0.0,0.0,one,RT,1
0,697,391,0,0,62.7116,31.4099,28.843,0.0,0.0,3849,2761.0,0.0,0.0,18.29,24.59,0.0,0.0,359,0.0,0.0,0.0,one,SR,1
0,3476,6979,6522,0,86.7121,34.0489,26.1216,23.5687,0.0,2228,2228.0,1854.0,0.0,-3.36,15.71,14.02,0.0,106,106.0,0.0,0.0,many,SR,2
66,1004,5550,5066,0,57.8863,12.6758,21.3048,22.9142,0.0,1184,1773.0,2198.0,0.0,3.51,7.95,8.96,0.0,63,320.0,542.0,0.0,many,RT,2
0,579,1289,0,0,56.6181,31.3612,23.2537,0.0,0.0,3243,2180.0,0.0,0.0,16.02,20.03,0.0,0.0,10,0.0,0.0,0.0,one,SR,1
79,3924,9592,3925,2035,73.3423,14.0565,21.064,16.9344,19.9203,1251,1516.0,1643.0,1702.0,0.83,7.41,7.62,7.63,184,148.0,432.0,341.0,many,RT,3
0,4430,3438,0,0,49.996,27.3588,20.8316,0.0,0.0,3270,1928.0,0.0,0.0,18.09,18.06,0.0,0.0,134,0.0,0.0,0.0,one,SR,1
246,4869,8899,8195,0,77.696,12.9249,47.6269,15.7817,0.0,1270,3266.0,1850.0,0.0,1.07,11.7,9.93,0.0,246,135.0,546.0,0.0,many,RT,2
150,297,6662,0,0,32.9104,11.8071,20.2172,0.0,0.0,1552,2003.0,0.0,0.0,8.32,11.86,0.0,0.0,140,375.0,0.0,0.0,one,TR,1
0,3804,3456,0,0,46.02,25.7035,18.685,0.0,0.0,2707,1706.0,0.0,0.0,13.74,16.32,0.0,0.0,14,0.0,0.0,0.0,one,SR,1
248,4979,6339,0,0,29.1711,9.5027,19.1096,0.0,0.0,1190,1946.0,0.0,0.0,7.47,9.59,0.0,0.0,26,485.0,0.0,0.0,one,TR,1
246,1134,7465,0,0,18.3666,6.5465,11.2245,0.0,0.0,1214,1338.0,0.0,0.0,7.39,8.96,0.0,0.0,206,388.0,0.0,0.0,one,RT,1
164,3461,2033,744,0,44.8692,11.7315,13.7606,18.3016,0.0,1314,1091.0,1649.0,0.0,4.12,7.36,8.39,0.0,182,145.0,338.0,0.0,many,TR,2
0,1503,7012,0,0,27.697,12.8289,13.6171,0.0,0.0,1665,1198.0,0.0,0.0,6.22,12.51,0.0,0.0,285,0.0,0.0,0.0,one,SR,1
0,2566,7513,0,0,30.5515,16.381,12.964,0.0,0.0,1694,1135.0,0.0,0.0,6.93,12.06,0.0,0.0,82,0.0,0.0,0.0,one,SR,1
0,2944,6705,0,0,28.3763,15.1979,12.0349,0.0,0.0,1263,1046.0,0.0,0.0,2.97,11.44,0.0,0.0,19,0.0,0.0,0.0,one,SR,1
0,4499,7472,0,0,25.4942,13.7367,10.7051,0.0,0.0,1118,917.0,0.0,0.0,2.27,10.52,0.0,0.0,21,0.0,0.0,0.0,one,SR,1
0,460,8251,0,0,19.5241,9.9303,8.6787,0.0,0.0,1259,723.0,0.0,0.0,4.98,9.15,0.0,0.0,189,0.0,0.0,0.0,one,SR,1
0,2409,9041,8541,0,56.7783,23.3495,12.9069,18.5466,0.0,1440,927.0,1437.0,0.0,-2.66,8.5,11.26,0.0,23,0.0,23.0,0.0,many,SR,2
164,3909,2774,2773,0,96.155,11.2954,42.0191,42.0191,0.0,1338,2752.0,2752.0,0.0,6.66,9.11,9.11,0.0,89,99.0,99.0,0.0,many,RT,2
110,51,7485,3419,0,124.2325,14.565,29.0151,79.5429,0.0,1762,2590.0,4460.0,0.0,8.52,10.55,12.55,0.0,147,503.0,-415.0,0.0,many,TR,2
51,1744,966,0,0,56.3482,19.9537,35.123,0.0,0.0,2887,3638.0,0.0,0.0,18.87,16.71,0.0,0.0,187,782.0,0.0,0.0,one,TR,1
31,257,9686,98,0,62.6476,17.6486,21.5164,22.1009,0.0,1336,2419.0,2353.0,0.0,1.59,9.8,10.02,0.0,19,746.0,656.0,0.0,many,RT,2
118,619,6075,0,0,49.4522,11.0228,37.4379,0.0,0.0,1647,2969.0,0.0,0.0,8.37,13.92,0.0,0.0,253,264.0,0.0,0.0,one,TR,1
281,3923,7364,0,0,32.305,12.1775,19.124,0.0,0.0,1137,1625.0,0.0,0.0,2.91,13.04,0.0,0.0,85,66.0,0.0,0.0,one,RT,1
88,4637,9379,8586,0,67.5516,11.3333,27.8124,27.4744,0.0,1203,2227.0,2071.0,0.0,4.25,8.71,8.6,0.0,110,350.0,245.0,0.0,many,RT,2
38,680,9816,6028,0,69.5131,10.1729,24.1895,34.2878,0.0,1209,2376.0,2967.0,0.0,4.93,8.26,9.37,0.0,140,659.0,618.0,0.0,many,RT,2
140,1691,8677,379,0,48.8186,12.2673,24.4748,11.1938,0.0,1311,2099.0,1125.0,0.0,5.82,8.41,7.41,0.0,61,415.0,289.0,0.0,many,TR,2
166,4593,5562,2585,0,47.3003,15.9407,15.2282,15.2282,0.0,2159,1451.0,1451.0,0.0,14.54,7.52,7.52,0.0,63,361.0,361.0,0.0,many,TR,2
92,3413,9368,2876,0,60.0821,11.9722,14.4971,32.7738,0.0,1160,1266.0,2625.0,0.0,4.63,7.28,9.11,0.0,22,256.0,424.0,0.0,many,RT,2
191,4164,6950,154,0,50.5612,13.1728,18.2114,18.2114,0.0,1473,1953.0,1953.0,0.0,6.78,7.83,7.83,0.0,88,614.0,614.0,0.0,many,TR,2
1,3382,6641,4918,3064,98.6255,24.9222,25.2894,25.2712,20.7181,2099,2201.0,2202.0,2320.0,0.22,11.09,11.08,11.08,300,336.0,338.0,644.0,many,RT,3
50,3185,3204,1102,0,68.3688,17.3156,24.1087,25.8814,0.0,1976,2363.0,2776.0,0.0,11.18,10.32,9.32,0.0,26,557.0,855.0,0.0,many,RT,2
212,2827,6652,0,0,56.8084,20.4477,35.119,0.0,0.0,2577,3547.0,0.0,0.0,15.88,16.42,0.0,0.0,78,722.0,0.0,0.0,one,TR,1
224,4401,9982,0,0,42.293,12.1888,29.3071,0.0,0.0,1537,2605.0,0.0,0.0,8.96,11.97,0.0,0.0,74,436.0,0.0,0.0,one,RT,1
0,4884,8227,0,0,53.9105,25.4017,26.2611,0.0,0.0,3026,2492.0,0.0,0.0,11.54,22.48,0.0,0.0,395,0.0,0.0,0.0,one,SR,1
120,715,3746,0,0,40.5416,11.3735,28.5371,0.0,0.0,1446,3135.0,0.0,0.0,9.5,11.31,0.0,0.0,18,930.0,0.0,0.0,one,RT,1
248,3169,2619,0,0,42.8728,14.8835,26.8217,0.0,0.0,1475,2551.0,0.0,0.0,4.98,14.68,0.0,0.0,94,382.0,0.0,0.0,one,TR,1
88,4825,9689,5202,3439,72.6495,15.1519,17.431,22.5263,16.1566,1324,1489.0,1469.0,1531.0,1.45,7.25,7.76,7.83,150,302.0,27.0,368.0,many,RT,3
0,2783,5598,0,0,43.2292,20.5665,20.8548,0.0,0.0,2561,1931.0,0.0,0.0,10.62,18.08,0.0,0.0,339,0.0,0.0,0.0,one,SR,1
181,2044,9452,0,0,26.4481,6.885,18.9569,0.0,0.0,1409,2083.0,0.0,0.0,9.34,9.06,0.0,0.0,236,627.0,0.0,0.0,one,TR,1
0,2570,5343,0,0,37.4629,20.2038,15.8562,0.0,0.0,2205,1413.0,0.0,0.0,10.53,14.03,0.0,0.0,86,0.0,0.0,0.0,one,SR,1
0,3354,245,0,0,46.4415,27.2437,17.651,0.0,0.0,3304,1598.0,0.0,0.0,20.77,15.47,0.0,0.0,24,0.0,0.0,0.0,one,SR,1
3,2271,7548,0,0,31.2344,12.1087,18.2643,0.0,0.0,1181,1748.0,0.0,0.0,4.65,11.61,0.0,0.0,30,271.0,0.0,0.0,one,RT,1
38,1284,4997,0,0,27.9002,9.3474,17.9685,0.0,0.0,1135,1808.0,0.0,0.0,6.66,9.84,0.0,0.0,34,415.0,0.0,0.0,one,RT,1
0,3517,8061,0,0,41.1027,22.1585,17.4162,0.0,0.0,2821,1574.0,0.0,0.0,15.87,15.28,0.0,0.0,178,0.0,0.0,0.0,one,SR,1
0,3513,3927,0,0,35.7531,19.26,15.1388,0.0,0.0,2482,1344.0,0.0,0.0,13.87,13.54,0.0,0.0,174,0.0,0.0,0.0,one,SR,1
0,1731,3584,0,0,32.7961,16.4528,14.999,0.0,0.0,1636,1330.0,0.0,0.0,5.08,13.44,0.0,0.0,131,0.0,0.0,0.0,one,SR,1
112,2497,9120,4607,0,47.7498,12.3628,14.3097,20.016,0.0,1194,1640.0,2184.0,0.0,2.98,7.77,8.84,0.0,115,544.0,670.0,0.0,many,RT,2
0,4027,2573,1734,0,42.9015,16.7589,12.3863,12.1127,0.0,1962,882.0,908.0,0.0,5.81,8.25,8.19,0.0,330,-1.0,35.0,0.0,many,SR,2
0,2133,4122,0,0,26.1602,14.227,10.8696,0.0,0.0,1238,933.0,0.0,0.0,3.43,10.64,0.0,0.0,27,0.0,0.0,0.0,one,SR,1
0,4214,6271,0,0,20.5283,10.6143,8.9783,0.0,0.0,1760,752.0,0.0,0.0,10.06,9.36,0.0,0.0,273,0.0,0.0,0.0,one,SR,1
0,4543,7403,4956,0,44.5392,19.6539,11.0807,12.225,0.0,2040,773.0,870.0,0.0,7.2,7.62,8.17,0.0,163,0.0,0.0,0.0,many,SR,2
0,3689,619,0,0,26.4887,14.9295,10.5189,0.0,0.0,1393,900.0,0.0,0.0,5.26,10.4,0.0,0.0,13,0.0,0.0,0.0,one,SR,1
164,1118,8884,8883,0,156.8055,31.9324,61.0963,61.0963,0.0,2397,4355.0,4355.0,0.0,1.04,18.4,18.4,0.0,116,82.0,82.0,0.0,many,RT,2
0,614,8025,0,0,23.9734,14.2923,8.761,0.0,0.0,1523,730.0,0.0,0.0,7.71,9.2,0.0,0.0,18,0.0,0.0,0.0,one,SR,1
182,1497,7388,0,0,43.0719,16.7432,25.2884,0.0,0.0,2104,2672.0,0.0,0.0,12.73,14.4,0.0,0.0,74,563.0,0.0,0.0,one,TR,1
160,4501,4268,3139,0,94.9858,15.1577,46.3374,32.3177,0.0,1459,3227.0,2639.0,0.0,4.76,11.84,10.89,0.0,79,157.0,374.0,0.0,many,RT,2
79,1875,8623,6446,2266,91.2502,17.0506,28.9557,21.3203,22.3869,1933,2993.0,1970.0,2070.0,6.47,9.17,9.08,8.12,257,895.0,426.0,502.0,many,RT,3
0,161,3538,1575,0,59.629,24.9206,20.1112,12.5498,0.0,2101,1549.0,941.0,0.0,3.63,12.08,8.39,0.0,120,3.0,32.0,0.0,many,SR,2
195,1747,4931,0,0,19.6196,7.5496,11.3811,0.0,0.0,1298,1323.0,0.0,0.0,7.43,8.89,0.0,0.0,216,372.0,0.0,0.0,one,TR,1
0,2754,7525,0,0,36.3849,16.4659,18.3173,0.0,0.0,1870,1668.0,0.0,0.0,5.22,16.02,0.0,0.0,305,0.0,0.0,0.0,one,SR,1
234,116,1399,0,0,35.0792,9.0373,25.5184,0.0,0.0,1050,1879.0,0.0,0.0,6.31,9.23,0.0,0.0,3,151.0,0.0,0.0,one,RT,1
157,1890,8430,4547,0,43.7202,11.3569,14.4482,16.9961,0.0,1341,962.0,1107.0,0.0,5.81,7.63,7.56,0.0,133,-3.0,-1.0,0.0,many,RT,2
227,4595,8550,8549,0,62.661,13.0552,24.3269,24.3269,0.0,1487,2363.0,2363.0,0.0,7.05,8.76,8.76,0.0,91,619.0,619.0,0.0,many,RT,2
0,744,9663,6772,0,46.2834,17.468,13.211,13.8331,0.0,1582,1037.0,1006.0,0.0,0.67,8.77,8.94,0.0,269,62.0,0.0,0.0,many,SR,2
85,1034,9148,6598,2498,132.3713,27.6947,55.616,23.2515,23.1957,2809,4200.0,2273.0,1421.0,5.97,18.77,9.22,9.14,400,193.0,575.0,-107.0,many,RT,3
136,4842,3985,3656,2058,112.1956,19.8622,27.9596,29.6771,33.054,2077,2833.0,2069.0,3118.0,7.02,9.53,9.41,11.49,190,795.0,104.0,699.0,many,RT,3
281,4903,7876,3865,0,82.6976,16.8921,41.164,23.0353,0.0,1749,2700.0,1831.0,0.0,3.91,12.07,10.99,0.0,258,-40.0,146.0,0.0,many,RT,2
0,3172,6524,5708,2735,59.5121,25.1969,10.8425,10.6207,10.6207,1309,754.0,734.0,734.0,-6.34,7.51,7.4,7.4,18,1.0,0.0,0.0,many,SR,3
50,338,7843,6517,3062,111.8297,15.0752,40.3774,20.1791,34.8778,1158,3366.0,1818.0,2547.0,0.28,10.39,8.39,9.43,87,612.0,388.0,249.0,many,TR,3
127,3103,6420,2554,1346,96.5464,18.0833,22.7125,32.1579,22.1471,1514,1887.0,1879.0,1766.0,2.89,7.82,9.81,7.82,66,353.0,-182.0,281.0,many,TR,3
247,1929,1077,103,0,50.775,14.4953,19.3314,15.7185,0.0,1405,1974.0,1166.0,0.0,3.68,9.09,8.21,0.0,129,521.0,76.0,0.0,many,RT,2
213,4641,7588,6635,0,41.201,11.7883,18.1037,10.4914,0.0,1251,1698.0,1060.0,0.0,5.78,7.05,7.12,0.0,42,449.0,282.0,0.0,many,TR,2
0,4428,9555,1949,0,50.5808,23.1087,15.0657,10.7089,0.0,2605,1110.0,741.0,0.0,12.07,9.53,7.44,0.0,161,0.0,0.0,0.0,many,SR,2
0,3608,4211,0,0,25.9664,14.346,10.5766,0.0,0.0,1576,905.0,0.0,0.0,7.15,10.44,0.0,0.0,86,0.0,0.0,0.0,one,SR,1
247,3001,9755,7022,3308,72.2464,17.2809,14.5026,13.4301,25.2052,1893,1453.0,1283.0,1730.0,3.43,8.69,8.9,8.68,375,342.0,244.0,71.0,many,RT,3
161,3793,4940,0,0,32.7934,12.326,19.5862,0.0,0.0,1552,1632.0,0.0,0.0,8.36,11.81,0.0,0.0,110,107.0,0.0,0.0,one,TR,1
0,4745,9774,9533,0,75.6649,29.6784,18.8844,24.475,0.0,2148,1434.0,2148.0,0.0,-1.09,11.37,14.9,0.0,155,0.0,155.0,0.0,many,SR,2
0,183,5570,0,0,21.7595,10.0004,10.706,0.0,0.0,1340,918.0,0.0,0.0,4.59,10.53,0.0,0.0,269,0.0,0.0,0.0,one,SR,1
234,4487,3212,0,0,33.7179,12.7724,19.9879,0.0,0.0,1046,1974.0,0.0,0.0,2.36,12.58,0.0,0.0,11,329.0,0.0,0.0,one,TR,1
0,976,1452,0,0,41.1687,21.3207,18.2518,0.0,0.0,2143,1661.0,0.0,0.0,8.14,15.96,0.0,0.0,105,0.0,0.0,0.0,one,SR,1
50,3031,7483,6368,3448,137.3881,11.8767,15.5827,54.341,54.3327,1245,1631.0,3241.0,3241.0,1.78,7.25,10.15,10.15,245,502.0,-124.0,-123.0,many,RT,3
0,1435,6624,0,0,28.1323,14.728,12.2466,0.0,0.0,1499,1066.0,0.0,0.0,5.32,11.58,0.0,0.0,103,0.0,0.0,0.0,one,SR,1
0,3462,7085,0,0,26.0404,13.861,11.1002,0.0,0.0,1798,955.0,0.0,0.0,9.17,10.79,0.0,0.0,178,0.0,0.0,0.0,one,SR,1
166,3144,8186,75,0,71.2568,12.4775,28.8627,28.8944,0.0,1071,1781.0,1685.0,0.0,2.05,9.36,8.86,0.0,63,-88.0,-144.0,0.0,many,RT,2
140,3108,4303,3893,0,91.807,13.1096,25.4827,52.1964,0.0,1394,2127.0,3119.0,0.0,5.47,9.08,10.1,0.0,99,360.0,-121.0,0.0,many,TR,2
112,4211,1521,0,0,48.2508,18.6617,28.3389,0.0,0.0,1863,3650.0,0.0,0.0,8.31,16.5,0.0,0.0,19,1115.0,0.0,0.0,one,RT,1
75,1221,2365,0,0,24.9798,12.209,12.0246,0.0,0.0,1680,1439.0,0.0,0.0,10.92,9.46,0.0,0.0,80,409.0,0.0,0.0,one,RT,1
212,299,361,0,0,52.1483,18.8567,32.112,0.0,0.0,2090,3394.0,0.0,0.0,11.33,16.8,0.0,0.0,25,720.0,0.0,0.0,one,TR,1
210,4846,8452,4749,0,70.7522,11.7369,23.8307,34.3484,0.0,1756,2113.0,2682.0,0.0,10.91,8.18,9.18,0.0,165,467.0,394.0,0.0,many,TR,2
277,1423,2839,838,0,102.7517,16.8673,31.3741,53.1581,0.0,1498,3043.0,3346.0,0.0,3.56,12.64,10.88,0.0,82,663.0,-18.0,0.0,many,RT,2
11,2526,8288,1425,0,85.541,22.607,29.985,30.9714,0.0,1484,3044.0,3460.0,0.0,-2.22,12.54,15.24,0.0,73,733.0,898.0,0.0,many,RT,2
49,4547,8342,7245,0,55.652,16.4104,15.8704,22.0304,0.0,1773,1902.0,2004.0,0.0,6.55,9.41,10.0,0.0,162,608.0,378.0,0.0,many,TR,2
284,996,9737,6590,0,135.3273,28.07,35.2914,70.0727,0.0,3469,2330.0,4292.0,0.0,19.39,10.56,18.37,0.0,182,2.0,-382.0,0.0,many,TR,2
117,29,4352,0,0,56.3928,23.0142,31.97,0.0,0.0,2804,3333.0,0.0,0.0,16.76,18.09,0.0,0.0,72,618.0,0.0,0.0,one,TR,1
79,2379,7314,6560,1585,94.6946,16.7124,35.7335,20.6394,20.1866,1678,3208.0,1702.0,1664.0,4.81,9.84,7.71,7.67,164,724.0,304.0,296.0,many,RT,3
0,4331,8420,0,0,49.8718,24.1446,23.6888,0.0,0.0,2802,2225.0,0.0,0.0,11.08,20.38,0.0,0.0,312,0.0,0.0,0.0,one,SR,1
0,1857,7192,0,0,53.3985,30.8504,20.7489,0.0,0.0,3520,1920.0,0.0,0.0,20.77,17.99,0.0,0.0,1,0.0,0.0,0.0,one,SR,1
0,1672,5090,306,0,66.7175,26.626,19.1834,18.6108,0.0,3254,1572.0,1411.0,0.0,13.49,11.73,11.24,0.0,404,81.0,0.0,0.0,many,SR,2
0,1532,4584,3543,0,64.3196,25.1107,20.3462,16.6098,0.0,2768,1574.0,1262.0,0.0,8.79,12.22,10.31,0.0,356,6.0,15.0,0.0,many,SR,2
0,1318,4750,0,0,38.5615,19.1971,17.805,0.0,0.0,2006,1614.0,0.0,0.0,7.03,15.59,0.0,0.0,170,0.0,0.0,0.0,one,SR,1
0,813,7740,0,0,35.2287,18.4358,15.4195,0.0,0.0,1589,1371.0,0.0,0.0,4.32,13.73,0.0,0.0,29,0.0,0.0,0.0,one,SR,1
0,4026,3231,0,0,27.4813,14.7191,11.6455,0.0,0.0,1164,1008.0,0.0,0.0,2.17,11.17,0.0,0.0,10,0.0,0.0,0.0,one,SR,1
0,3270,9455,7046,0,62.6986,26.9637,20.9237,12.7166,0.0,2203,1624.0,910.0,0.0,4.28,12.54,8.41,0.0,57,5.0,-1.0,0.0,many,SR,2
35,3035,6886,4717,0,64.466,13.5623,24.4914,25.2427,0.0,1176,1899.0,2175.0,0.0,1.82,10.53,9.16,0.0,99,155.0,406.0,0.0,many,RT,2
150,4265,9458,3540,0,72.8764,12.3669,30.8677,28.6502,0.0,1476,3041.0,2824.0,0.0,6.57,8.87,9.05,0.0,144,859.0,778.0,0.0,many,TR,2
50,3655,9722,5613,0,65.3302,12.9445,23.2565,28.1461,0.0,1051,2485.0,1960.0,0.0,2.19,9.3,8.53,0.0,15,742.0,128.0,0.0,many,RT,2
88,4509,8321,7488,6792,104.1313,18.5779,27.9697,28.3872,27.8837,1952,2308.0,2833.0,2979.0,8.68,9.29,9.37,9.47,73,382.0,783.0,919.0,many,TR,3
164,1001,6111,2650,0,88.9327,14.8086,28.7228,44.2719,0.0,1610,2739.0,3177.0,0.0,6.74,9.34,10.96,0.0,110,693.0,253.0,0.0,many,RT,2
0,801,1504,0,0,45.5467,23.4188,20.36,0.0,0.0,2090,1880.0,0.0,0.0,6.03,17.68,0.0,0.0,64,0.0,0.0,0.0,one,SR,1
0,1402,1861,0,0,36.9752,18.6783,16.8174,0.0,0.0,1968,1512.0,0.0,0.0,7.35,14.79,0.0,0.0,151,0.0,0.0,0.0,one,SR,1
0,3993,2450,0,0,35.236,18.2582,15.5925,0.0,0.0,1688,1388.0,0.0,0.0,5.26,13.85,0.0,0.0,66,0.0,0.0,0.0,one,SR,1
0,3414,1316,0,0,44.2331,26.5638,16.2378,0.0,0.0,3717,1451.0,0.0,0.0,26.14,14.32,0.0,0.0,96,0.0,0.0,0.0,one,SR,1
0,3139,9563,0,0,24.0029,11.4796,11.4215,0.0,0.0,1526,987.0,0.0,0.0,6.11,11.02,0.0,0.0,255,0.0,0.0,0.0,one,SR,1
213,3763,7142,4010,3740,79.4069,20.8288,34.5604,10.9429,11.5699,2294,2924.0,1426.0,1297.0,10.54,9.1,9.89,7.06,121,583.0,429.0,427.0,many,RT,3
50,3252,858,695,0,74.7967,18.3414,27.7773,27.5078,0.0,1958,1923.0,2238.0,0.0,10.03,9.94,9.76,0.0,19,50.0,325.0,0.0,many,RT,2
49,3085,7338,5564,0,91.8582,11.4778,32.5425,46.9518,0.0,1319,3025.0,2248.0,0.0,5.87,9.49,9.37,0.0,106,740.0,-548.0,0.0,many,RT,2
234,596,4832,3328,0,75.1976,13.405,18.3728,42.5302,0.0,1309,1588.0,1973.0,0.0,5.74,7.08,9.82,0.0,3,346.0,-586.0,0.0,many,RT,2
85,4680,7776,6005,2056,90.9859,25.2415,16.0154,26.3547,21.1391,1979,1706.0,3223.0,2658.0,0.66,9.81,11.67,11.87,166,424.0,1085.0,861.0,many,RT,3
69,2867,319,0,0,46.1046,13.6671,31.2453,0.0,0.0,1527,2874.0,0.0,0.0,5.3,15.92,0.0,0.0,182,381.0,0.0,0.0,one,RT,1
147,874,7947,0,0,39.9388,11.5646,27.6662,0.0,0.0,1267,3265.0,0.0,0.0,6.93,11.08,0.0,0.0,5,1086.0,0.0,0.0,one,RT,1
182,4378,5268,0,0,46.3679,18.5295,26.8582,0.0,0.0,2513,2944.0,0.0,0.0,17.56,13.8,0.0,0.0,41,738.0,0.0,0.0,one,TR,1
0,1814,7038,7037,3594,82.4242,33.5738,10.9137,10.9137,24.067,1998,759.0,759.0,1998.0,-5.63,7.54,7.54,14.47,72,0.0,0.0,72.0,many,SR,3
0,2943,2988,0,0,22.1042,12.1344,9.0313,0.0,0.0,1263,756.0,0.0,0.0,4.82,9.38,0.0,0.0,84,0.0,0.0,0.0,one,SR,1
168,3019,4914,0,0,18.5317,8.7358,9.2533,0.0,0.0,1168,1160.0,0.0,0.0,7.38,8.43,0.0,0.0,54,360.0,0.0,0.0,one,RT,1
181,1954,6464,0,0,50.6933,16.2177,33.1497,0.0,0.0,1620,3594.0,0.0,0.0,5.08,17.26,0.0,0.0,131,812.0,0.0,0.0,one,TR,1
18,3209,6778,3770,1934,130.613,14.257,24.6632,47.7834,42.6647,1685,2550.0,2540.0,3171.0,6.49,8.19,9.06,9.2,211,781.0,-336.0,403.0,many,RT,3
66,2247,6880,0,0,59.9166,8.5692,50.7992,0.0,0.0,1193,2432.0,0.0,0.0,7.59,11.48,0.0,0.0,71,-675.0,0.0,0.0,one,RT,1
0,469,7448,0,0,44.3157,22.096,20.4448,0.0,0.0,2728,1889.0,0.0,0.0,12.67,17.75,0.0,0.0,279,0.0,0.0,0.0,one,SR,1
0,2162,4545,687,0,59.1086,22.1313,18.3256,16.509,0.0,1528,1431.0,1254.0,0.0,-3.24,11.17,10.26,0.0,187,33.0,16.0,0.0,many,SR,2
117,285,7306,767,0,49.7438,10.0091,24.5603,14.2435,0.0,1182,1819.0,1336.0,0.0,4.03,8.72,7.59,0.0,175,171.0,310.0,0.0,many,RT,2
21,3334,6340,0,0,21.9945,7.7259,13.7034,0.0,0.0,1157,1591.0,0.0,0.0,7.06,8.65,0.0,0.0,116,492.0,0.0,0.0,one,RT,1
0,2138,2250,294,0,40.7785,15.4741,11.7942,11.9118,0.0,1381,833.0,844.0,0.0,0.12,7.96,8.02,0.0,248,0.0,1.0,0.0,many,SR,2
50,2785,7763,7762,2279,71.8069,19.4535,18.5953,18.5953,13.6697,1749,1983.0,1983.0,1165.0,4.93,8.99,8.99,6.96,68,567.0,567.0,228.0,many,RT,3
140,2190,8497,0,0,19.2592,9.5621,8.9403,0.0,0.0,1171,1240.0,0.0,0.0,5.48,9.57,0.0,0.0,113,386.0,0.0,0.0,one,RT,1
161,2386,7812,0,0,22.5885,10.3111,11.6323,0.0,0.0,1342,1271.0,0.0,0.0,8.29,9.45,0.0,0.0,58,292.0,0.0,0.0,one,RT,1
147,4795,9830,0,0,37.5813,10.1752,26.7978,0.0,0.0,1191,2904.0,0.0,0.0,7.03,11.08,0.0,0.0,14,834.0,0.0,0.0,one,RT,1
136,4900,6018,413,0,51.9599,10.5855,20.1141,20.2,0.0,1419,1383.0,1721.0,0.0,5.36,8.26,8.34,0.0,259,46.0,311.0,0.0,many,RT,2
1,4100,9320,4337,0,60.5553,17.5072,21.9543,19.6147,0.0,1340,1586.0,2283.0,0.0,0.76,10.52,10.28,0.0,74,20.0,702.0,0.0,many,RT,2
164,1732,7859,386,385,114.9342,23.9791,18.6577,35.0407,35.0407,1387,1742.0,3303.0,3303.0,-5.38,10.29,11.44,11.44,93,309.0,759.0,759.0,many,RT,3
0,1642,7830,3072,0,40.5645,15.7336,11.1081,12.1438,0.0,2294,775.0,878.0,0.0,9.88,7.63,8.16,0.0,427,0.0,11.0,0.0,many,SR,2
0,1229,9681,0,0,41.9571,22.4886,17.9013,0.0,0.0,2269,1624.0,0.0,0.0,9.72,15.67,0.0,0.0,57,0.0,0.0,0.0,one,SR,1
0,4636,854,0,0,31.4514,15.4692,14.6606,0.0,0.0,1671,1298.0,0.0,0.0,5.65,13.22,0.0,0.0,180,0.0,0.0,0.0,one,SR,1
49,4044,7614,0,0,22.5836,8.6148,13.3937,0.0,0.0,1181,1577.0,0.0,0.0,7.22,8.75,0.0,0.0,79,490.0,0.0,0.0,one,RT,1
52,2770,9919,0,0,30.5039,9.8209,20.0676,0.0,0.0,1099,1686.0,0.0,0.0,6.0,10.15,0.0,0.0,16,205.0,0.0,0.0,one,RT,1
42,3629,8471,1793,0,68.5322,20.5457,24.761,21.588,0.0,2004,2376.0,2630.0,0.0,6.31,12.17,12.2,0.0,135,452.0,802.0,0.0,many,RT,2
50,1570,8830,6838,6837,114.592,30.2281,31.5153,25.1315,25.1315,1678,2497.0,2991.0,2991.0,-5.65,11.81,12.52,12.52,2,254.0,915.0,915.0,many,RT,3
223,2835,6330,276,0,74.0338,18.0075,25.9097,28.8642,0.0,1733,2715.0,2389.0,0.0,6.92,8.55,11.97,0.0,26,840.0,282.0,0.0,many,RT,2
281,994,6209,0,0,26.0013,7.7464,17.5724,0.0,0.0,1334,1886.0,0.0,0.0,7.86,9.83,0.0,0.0,210,497.0,0.0,0.0,one,RT,1
22,3546,8959,5893,3945,85.9566,18.9784,21.7371,21.7489,21.7967,1478,1569.0,1594.0,1592.0,0.26,8.55,8.7,8.7,130,107.0,120.0,116.0,many,RT,3
49,672,3970,3705,0,87.5279,12.8437,47.4038,26.3131,0.0,1043,2345.0,2375.0,0.0,2.25,9.92,9.75,0.0,11,-516.0,491.0,0.0,many,RT,2
117,1711,9837,2221,616,70.2829,15.6709,15.9582,25.9379,11.246,1236,2126.0,2559.0,1213.0,-0.25,9.46,9.12,7.12,144,782.0,686.0,371.0,many,RT,3
26,4753,4143,0,0,40.4863,13.296,26.4088,0.0,0.0,1683,2760.0,0.0,0.0,10.64,12.82,0.0,0.0,40,656.0,0.0,0.0,one,RT,1
49,3317,8581,0,0,25.6363,9.5375,15.3421,0.0,0.0,1260,1909.0,0.0,0.0,6.42,10.57,0.0,0.0,134,584.0,0.0,0.0,one,TR,1
31,856,620,0,0,34.692,9.6413,24.4495,0.0,0.0,1439,2562.0,0.0,0.0,9.7,10.01,0.0,0.0,94,716.0,0.0,0.0,one,RT,1
120,4535,5428,2847,0,97.8898,11.5281,61.3628,24.157,0.0,1050,2628.0,2266.0,0.0,3.45,10.19,8.23,0.0,23,-945.0,573.0,0.0,many,RT,2
0,1994,4540,0,0,24.1651,12.9444,10.2023,0.0,0.0,1353,869.0,0.0,0.0,5.04,10.18,0.0,0.0,99,0.0,0.0,0.0,one,SR,1
234,646,9394,5496,0,74.5382,11.8338,31.8136,30.0495,0.0,1279,1698.0,1995.0,0.0,5.86,8.23,8.19,0.0,57,-239.0,84.0,0.0,many,RT,2
38,2915,5714,4580,2537,126.5018,28.9201,26.6051,40.1592,28.3638,2164,3026.0,3920.0,2817.0,0.64,11.18,13.18,12.18,116,937.0,940.0,641.0,many,TR,3
0,2019,6348,0,0,33.0788,20.1332,11.8176,0.0,0.0,2480,1024.0,0.0,0.0,15.89,11.28,0.0,0.0,19,0.0,0.0,0.0,one,SR,1
215,2842,3345,0,0,30.5622,9.0978,20.7825,0.0,0.0,1301,1906.0,0.0,0.0,7.52,9.82,0.0,0.0,131,365.0,0.0,0.0,one,RT,1
38,4737,7359,6959,5040,140.8702,14.2347,70.2307,30.7747,24.3377,1147,3040.0,3052.0,2078.0,0.41,11.31,9.45,8.16,116,-1074.0,845.0,416.0,many,RT,3
42,3871,3113,69,0,67.4967,17.3344,25.1072,23.4976,0.0,1319,2924.0,1628.0,0.0,-0.17,11.83,10.75,0.0,116,894.0,-28.0,0.0,many,RT,2
262,298,7860,1891,1071,115.1241,26.4935,28.7257,32.0348,25.7414,2251,2502.0,2641.0,2220.0,4.48,11.1,11.1,11.1,109,420.0,379.0,330.0,many,TR,3
34,746,5445,4328,0,69.5759,17.1614,26.2222,24.9631,0.0,1512,2317.0,2139.0,0.0,4.81,10.13,10.17,0.0,11,431.0,344.0,0.0,many,RT,2
88,759,8461,0,0,32.2173,9.2199,22.3848,0.0,0.0,1084,1271.0,0.0,0.0,5.87,9.13,0.0,0.0,43,-190.0,0.0,0.0,one,RT,1
0,2958,5925,3900,0,51.4369,18.8448,12.9564,17.6949,0.0,1637,932.0,1389.0,0.0,-0.28,8.52,10.88,0.0,289,0.0,41.0,0.0,many,SR,2
38,3649,4904,4513,3776,102.7357,28.2589,30.0964,18.7547,22.8438,1332,3007.0,2451.0,2211.0,-11.05,14.05,11.92,11.85,124,628.0,802.0,422.0,many,RT,3
184,2473,8269,4848,2590,89.1322,20.838,22.7315,16.6886,27.0442,1399,2233.0,1888.0,2520.0,-1.78,9.98,9.23,10.08,78,531.0,567.0,559.0,many,RT,3
0,1504,5592,0,0,30.3118,16.5782,12.5547,0.0,0.0,1553,1096.0,0.0,0.0,5.7,11.79,0.0,0.0,27,0.0,0.0,0.0,one,SR,1
231,1893,8779,0,0,71.2346,11.2743,59.4269,0.0,0.0,1617,3232.0,0.0,0.0,12.18,12.33,0.0,0.0,14,-467.0,0.0,0.0,one,RT,1
0,4874,5360,0,0,20.435,10.8316,8.6882,0.0,0.0,1644,723.0,0.0,0.0,9.03,9.15,0.0,0.0,226,0.0,0.0,0.0,one,SR,1
238,765,7184,4189,0,49.3699,10.1068,16.7218,21.7192,0.0,1128,1386.0,2039.0,0.0,4.45,7.11,8.11,0.0,106,258.0,508.0,0.0,many,RT,2
0,4469,6502,3246,0,53.473,20.6037,15.1662,15.7403,0.0,1350,1119.0,1292.0,0.0,-3.49,9.58,10.04,0.0,143,0.0,92.0,0.0,many,SR,2
0,2248,6963,1246,0,54.4404,20.7342,15.6998,15.9812,0.0,1627,1171.0,1476.0,0.0,-1.14,9.85,10.4,0.0,227,5.0,213.0,0.0,many,SR,2
0,206,7334,4960,0,59.5585,24.9001,22.149,10.4392,0.0,1911,1726.0,833.0,0.0,1.43,13.22,7.48,0.0,90,-1.0,85.0,0.0,many,SR,2
7,2520,6039,0,0,41.6696,16.2421,24.2974,0.0,0.0,1511,2805.0,0.0,0.0,5.69,14.3,0.0,0.0,12,721.0,0.0,0.0,one,RT,1
248,920,2820,0,0,42.4231,15.4344,25.6528,0.0,0.0,1897,3455.0,0.0,0.0,7.9,17.36,0.0,0.0,239,1042.0,0.0,0.0,one,RT,1
79,3341,3768,826,0,58.0789,12.0207,21.4802,23.6498,0.0,1303,1331.0,2322.0,0.0,5.33,7.65,9.63,0.0,94,-31.0,577.0,0.0,many,RT,2
1,4106,6011,4920,734,107.5858,27.5552,24.0567,26.2702,27.2092,1903,2435.0,3027.0,2789.0,-2.47,11.09,11.33,11.53,150,582.0,947.0,702.0,many,RT,3
0,2250,2898,0,0,30.4518,13.0889,15.9536,0.0,0.0,1718,1422.0,0.0,0.0,5.35,14.09,0.0,0.0,359,0.0,0.0,0.0,one,SR,1
0,2560,7211,3508,0,78.2171,29.9569,21.8825,23.6637,0.0,2325,1703.0,1862.0,0.0,-0.01,13.07,14.07,0.0,221,0.0,0.0,0.0,many,SR,2
262,1511,8561,3829,3420,103.4979,25.116,22.3182,27.5144,26.4207,1975,2482.0,2569.0,2536.0,1.58,10.1,11.1,11.1,121,746.0,530.0,554.0,many,TR,3
50,1322,5566,2950,0,91.7346,25.1024,37.9384,26.951,0.0,2544,2675.0,2206.0,0.0,11.03,12.69,11.74,0.0,63,60.0,233.0,0.0,many,RT,2
38,3657,7917,7228,4110,114.6808,27.765,28.9349,26.339,29.1883,2700,2907.0,1991.0,2613.0,6.27,12.18,11.18,12.18,296,687.0,114.0,438.0,many,TR,3
184,39,7568,1597,0,86.3933,12.3054,24.033,48.8274,0.0,1328,2539.0,4272.0,0.0,2.9,10.14,12.14,0.0,227,711.0,872.0,0.0,many,RT,2
